1	75
1	93
1	97
1	104
1	129
1	141
1	176
1	189
1	199
1	223
1	239
1	299
1	303
1	311
1	336
1	359
1	369
1	422
1	439
1	442
1	447
1	470
1	473
1	504
1	506
1	531
1	547
1	567
1	651
1	668
1	689
1	693
1	695
1	703
1	709
1	710
1	721
1	744
1	775
1	783
1	809
1	829
1	870
1	871
1	907
1	927
1	934
1	937
1	943
1	995
2	6
2	13
2	28
2	40
2	110
2	158
2	159
2	161
2	163
2	171
2	202
2	224
2	273
2	276
2	282
2	294
2	332
2	384
2	396
2	403
2	404
2	420
2	421
2	430
2	437
2	449
2	539
2	586
2	589
2	591
2	594
2	615
2	620
2	624
2	634
2	684
2	686
2	687
2	706
2	708
2	710
2	712
2	719
2	731
2	736
2	738
2	767
2	801
2	807
2	832
3	10
3	21
3	24
3	27
3	32
3	41
3	57
3	69
3	86
3	102
3	132
3	135
3	167
3	169
3	185
3	192
3	210
3	218
3	230
3	237
3	245
3	257
3	261
3	292
3	306
3	419
3	423
3	445
3	454
3	500
3	505
3	526
3	528
3	532
3	541
3	542
3	570
3	598
3	622
3	635
3	645
3	722
3	725
3	830
3	833
3	853
3	876
3	879
3	902
3	929
4	7
4	8
4	15
4	19
4	48
4	64
4	71
4	73
4	77
4	82
4	84
4	90
4	106
4	108
4	109
4	117
4	119
4	129
4	132
4	133
4	140
4	153
4	165
4	185
4	190
4	238
4	243
4	252
4	293
4	318
4	328
4	360
4	367
4	426
4	462
4	497
4	503
4	527
4	575
4	651
4	658
4	739
4	741
4	752
4	770
4	841
4	867
4	938
4	940
4	953
5	11
5	17
5	26
5	35
5	58
5	61
5	82
5	83
5	96
5	120
5	130
5	139
5	146
5	152
5	164
5	170
5	182
5	209
5	212
5	228
5	251
5	267
5	274
5	288
5	298
5	309
5	324
5	335
5	349
5	371
5	422
5	460
5	471
5	479
5	535
5	603
5	618
5	621
5	632
5	636
5	660
5	675
5	728
5	764
5	777
5	814
5	819
5	905
5	935
5	988
6	13
6	24
6	28
6	40
6	82
6	87
6	96
6	119
6	141
6	151
6	158
6	161
6	163
6	202
6	211
6	224
6	227
6	238
6	240
6	264
6	322
6	332
6	358
6	384
6	421
6	430
6	492
6	497
6	499
6	505
6	578
6	586
6	591
6	594
6	620
6	633
6	634
6	665
6	681
6	706
6	773
6	786
6	790
6	843
6	880
6	904
6	916
6	966
6	980
7	8
7	11
7	15
7	19
7	48
7	56
7	64
7	73
7	77
7	84
7	90
7	106
7	108
7	109
7	115
7	153
7	165
7	190
7	191
7	238
7	243
7	252
7	291
7	293
7	318
7	328
7	342
7	360
7	366
7	387
7	410
7	426
7	462
7	503
7	527
7	557
7	658
7	673
7	677
7	681
7	737
7	762
7	770
7	792
7	818
7	842
7	938
7	953
8	15
8	19
8	20
8	48
8	49
8	64
8	73
8	77
8	79
8	84
8	105
8	106
8	108
8	109
8	119
8	153
8	165
8	190
8	238
8	243
8	252
8	255
8	291
8	293
8	318
8	328
8	367
8	387
8	426
8	441
8	503
8	527
8	575
8	626
8	630
8	658
8	673
8	684
8	704
8	735
8	737
8	741
8	770
8	783
8	818
8	846
8	940
9	12
9	26
9	30
9	34
9	46
9	47
9	99
9	113
9	131
9	149
9	150
9	204
9	208
9	221
9	230
9	253
9	260
9	283
9	310
9	325
9	330
9	337
9	339
9	353
9	427
9	450
9	451
9	455
9	461
9	535
9	584
9	601
9	617
9	640
9	687
9	697
9	702
9	754
9	757
9	781
9	827
9	849
9	853
9	861
9	862
9	872
9	924
9	946
9	959
10	11
10	21
10	24
10	27
10	32
10	41
10	57
10	69
10	89
10	102
10	147
10	169
10	188
10	190
10	210
10	214
10	218
10	245
10	246
10	257
10	292
10	317
10	319
10	354
10	399
10	402
10	423
10	445
10	454
10	467
10	486
10	513
10	520
10	521
10	526
10	532
10	541
10	542
10	638
10	645
10	820
10	859
10	879
10	896
10	915
10	969
10	979
10	987
11	17
11	35
11	58
11	61
11	71
11	83
11	96
11	97
11	120
11	129
11	130
11	146
11	156
11	209
11	214
11	255
11	259
11	288
11	309
11	324
11	344
11	349
11	351
11	377
11	388
11	417
11	420
11	463
11	498
11	535
11	548
11	555
11	571
11	621
11	622
11	647
11	660
11	704
11	716
11	728
11	785
11	789
11	814
11	844
11	947
11	982
12	30
12	34
12	36
12	45
12	46
12	47
12	91
12	99
12	113
12	131
12	149
12	150
12	208
12	212
12	221
12	270
12	283
12	300
12	310
12	325
12	330
12	337
12	339
12	353
12	427
12	450
12	455
12	461
12	498
12	528
12	568
12	601
12	607
12	617
12	640
12	654
12	663
12	687
12	695
12	702
12	757
12	781
12	827
12	842
12	919
12	955
12	984
13	28
13	87
13	151
13	155
13	158
13	161
13	163
13	171
13	202
13	211
13	221
13	224
13	246
13	249
13	264
13	273
13	280
13	316
13	320
13	322
13	332
13	358
13	384
13	396
13	420
13	421
13	430
13	437
13	454
13	468
13	505
13	578
13	586
13	591
13	616
13	628
13	633
13	684
13	692
13	698
13	767
13	807
13	894
13	916
13	980
13	988
14	31
14	36
14	45
14	50
14	63
14	65
14	68
14	70
14	89
14	104
14	125
14	154
14	186
14	193
14	197
14	204
14	209
14	244
14	269
14	275
14	279
14	296
14	363
14	364
14	368
14	378
14	412
14	421
14	456
14	469
14	487
14	501
14	605
14	613
14	662
14	672
14	745
14	755
14	761
14	788
14	839
14	863
14	930
14	941
14	972
14	995
14	997
15	18
15	19
15	48
15	64
15	73
15	84
15	90
15	106
15	108
15	109
15	119
15	125
15	140
15	153
15	190
15	243
15	252
15	280
15	291
15	318
15	328
15	329
15	367
15	385
15	387
15	410
15	462
15	497
15	500
15	502
15	519
15	528
15	569
15	626
15	673
15	680
15	691
15	702
15	737
15	741
15	752
15	770
15	867
15	940
16	33
16	39
16	49
16	56
16	58
16	69
16	71
16	74
16	85
16	105
16	122
16	134
16	150
16	168
16	184
16	201
16	258
16	285
16	347
16	383
16	385
16	402
16	458
16	461
16	484
16	540
16	556
16	580
16	595
16	629
16	660
16	664
16	667
16	670
16	678
16	679
16	706
16	717
16	730
16	798
16	828
16	866
16	888
16	894
16	964
16	996
17	35
17	96
17	120
17	130
17	139
17	146
17	156
17	164
17	170
17	182
17	199
17	209
17	212
17	226
17	235
17	247
17	267
17	274
17	298
17	309
17	331
17	349
17	377
17	380
17	388
17	417
17	452
17	471
17	524
17	527
17	535
17	555
17	571
17	579
17	620
17	621
17	622
17	631
17	632
17	659
17	764
17	774
17	951
17	988
18	60
18	66
18	67
18	81
18	82
18	88
18	90
18	98
18	112
18	137
18	138
18	172
18	178
18	194
18	217
18	225
18	228
18	259
18	265
18	276
18	289
18	297
18	307
18	334
18	343
18	345
18	375
18	389
18	390
18	424
18	465
18	474
18	502
18	514
18	572
18	590
18	655
18	662
18	676
18	746
18	864
18	868
18	917
18	965
18	968
19	48
19	64
19	73
19	77
19	84
19	90
19	106
19	108
19	109
19	119
19	133
19	153
19	165
19	206
19	238
19	240
19	243
19	291
19	293
19	324
19	328
19	331
19	360
19	385
19	426
19	441
19	503
19	519
19	569
19	574
19	630
19	666
19	737
19	752
19	770
19	818
19	867
19	884
19	914
19	938
19	949
20	22
20	38
20	46
20	53
20	60
20	67
20	90
20	91
20	104
20	123
20	126
20	143
20	159
20	166
20	198
20	215
20	228
20	254
20	277
20	284
20	286
20	290
20	308
20	327
20	346
20	348
20	352
20	357
20	380
20	456
20	485
20	491
20	511
20	517
20	546
20	593
20	625
20	707
20	775
20	810
20	820
20	926
20	936
20	967
21	24
21	27
21	28
21	31
21	32
21	41
21	69
21	86
21	102
21	112
21	128
21	147
21	169
21	185
21	188
21	189
21	192
21	203
21	214
21	246
21	257
21	271
21	282
21	292
21	303
21	306
21	419
21	454
21	467
21	486
21	512
21	526
21	570
21	602
21	683
21	732
21	774
21	800
21	812
21	833
21	859
21	876
22	38
22	53
22	67
22	69
22	75
22	76
22	91
22	103
22	104
22	122
22	123
22	138
22	143
22	159
22	166
22	198
22	254
22	267
22	277
22	284
22	286
22	308
22	327
22	346
22	348
22	350
22	352
22	380
22	413
22	414
22	485
22	491
22	494
22	511
22	533
22	585
22	613
22	690
22	820
22	925
22	936
22	975
22	983
23	30
23	37
23	47
23	68
23	79
23	97
23	101
23	115
23	124
23	145
23	152
23	162
23	229
23	236
23	241
23	248
23	260
23	261
23	302
23	306
23	312
23	316
23	317
23	321
23	343
23	368
23	374
23	392
23	406
23	409
23	415
23	436
23	448
23	464
23	493
23	508
23	552
23	554
23	590
23	669
23	705
23	751
23	815
23	891
24	27
24	32
24	37
24	41
24	57
24	66
24	69
24	128
24	169
24	185
24	188
24	192
24	210
24	214
24	218
24	227
24	257
24	292
24	300
24	301
24	360
24	399
24	436
24	445
24	454
24	486
24	488
24	526
24	541
24	576
24	598
24	635
24	638
24	813
24	830
24	920
24	923
24	969
24	975
24	990
25	53
25	57
25	75
25	89
25	97
25	129
25	141
25	170
25	175
25	176
25	223
25	231
25	233
25	239
25	253
25	260
25	263
25	270
25	291
25	299
25	336
25	359
25	369
25	470
25	510
25	523
25	567
25	582
25	651
25	668
25	689
25	695
25	703
25	772
25	783
25	850
25	851
25	870
25	871
25	882
25	899
25	922
25	933
26	29
26	34
26	42
26	52
26	63
26	68
26	114
26	116
26	117
26	120
26	142
26	180
26	187
26	219
26	227
26	232
26	278
26	303
26	323
26	372
26	400
26	435
26	475
26	538
26	581
26	604
26	614
26	653
26	654
26	677
26	678
26	684
26	735
26	788
26	795
26	799
26	821
26	921
26	962
26	974
26	991
27	84
27	101
27	102
27	128
27	135
27	147
27	182
27	185
27	192
27	203
27	220
27	246
27	257
27	300
27	306
27	383
27	399
27	402
27	413
27	419
27	486
27	500
27	520
27	522
27	541
27	542
27	563
27	576
27	598
27	635
27	645
27	646
27	759
27	761
27	805
27	841
27	915
27	934
27	949
28	40
28	67
28	87
28	103
28	151
28	161
28	163
28	167
28	171
28	211
28	247
28	254
28	354
28	358
28	396
28	403
28	418
28	468
28	472
28	492
28	499
28	608
28	618
28	628
28	665
28	708
28	712
28	767
28	773
28	807
28	826
28	843
28	875
28	880
28	916
28	959
28	980
28	985
29	42
29	68
29	114
29	117
29	136
29	137
29	142
29	180
29	195
29	219
29	227
29	232
29	244
29	278
29	313
29	315
29	323
29	329
29	372
29	400
29	412
29	435
29	444
29	453
29	456
29	475
29	538
29	592
29	603
29	648
29	649
29	654
29	678
29	688
29	699
29	771
29	821
29	824
29	881
29	951
29	974
30	46
30	47
30	99
30	113
30	127
30	149
30	150
30	188
30	208
30	242
30	261
30	286
30	298
30	310
30	330
30	337
30	339
30	353
30	450
30	451
30	455
30	461
30	498
30	566
30	568
30	584
30	607
30	617
30	640
30	681
30	702
30	754
30	781
30	826
30	862
30	872
30	919
30	955
30	959
31	36
31	42
31	45
31	50
31	63
31	65
31	70
31	125
31	154
31	155
31	186
31	193
31	244
31	269
31	275
31	296
31	304
31	333
31	363
31	382
31	393
31	405
31	412
31	433
31	446
31	469
31	487
31	544
31	584
31	613
31	637
31	675
31	778
31	785
31	788
31	855
31	921
31	930
31	942
32	41
32	57
32	102
32	128
32	134
32	167
32	192
32	210
32	218
32	246
32	292
32	300
32	325
32	340
32	423
32	430
32	437
32	486
32	488
32	500
32	521
32	522
32	537
32	563
32	619
32	646
32	710
32	759
32	761
32	836
32	859
32	876
32	879
32	915
32	929
32	934
32	990
33	39
33	56
33	74
33	79
33	85
33	100
33	105
33	122
33	132
33	134
33	140
33	166
33	168
33	172
33	181
33	200
33	201
33	207
33	258
33	276
33	285
33	305
33	358
33	383
33	401
33	402
33	458
33	517
33	540
33	562
33	600
33	610
33	629
33	673
33	730
33	876
33	939
33	956
33	964
33	992
34	42
34	68
34	116
34	136
34	142
34	180
34	187
34	195
34	206
34	227
34	232
34	278
34	314
34	323
34	329
34	361
34	372
34	400
34	444
34	453
34	475
34	581
34	592
34	604
34	654
34	677
34	678
34	688
34	736
34	782
34	787
34	795
34	823
34	877
34	898
34	921
34	934
34	991
35	61
35	83
35	90
35	91
35	96
35	130
35	139
35	146
35	164
35	170
35	182
35	190
35	212
35	226
35	251
35	255
35	267
35	288
35	324
35	344
35	349
35	350
35	351
35	371
35	376
35	417
35	455
35	571
35	572
35	621
35	704
35	716
35	724
35	755
35	851
35	868
35	911
35	935
36	45
36	46
36	50
36	63
36	65
36	89
36	125
36	186
36	193
36	196
36	262
36	268
36	269
36	277
36	279
36	296
36	378
36	393
36	398
36	412
36	433
36	446
36	501
36	534
36	605
36	613
36	635
36	661
36	662
36	672
36	675
36	697
36	778
36	809
36	818
36	863
36	901
36	944
37	43
37	62
37	68
37	85
37	92
37	102
37	115
37	124
37	127
37	152
37	162
37	189
37	191
37	229
37	230
37	237
37	260
37	261
37	268
37	288
37	302
37	312
37	321
37	429
37	446
37	452
37	482
37	518
37	564
37	657
37	696
37	718
37	745
37	764
37	796
37	815
37	903
37	976
38	53
38	67
38	91
38	103
38	104
38	123
38	126
38	130
38	131
38	133
38	138
38	143
38	159
38	166
38	271
38	290
38	308
38	327
38	346
38	348
38	380
38	389
38	408
38	413
38	456
38	485
38	486
38	546
38	570
38	583
38	588
38	593
38	612
38	642
38	673
38	707
38	715
38	801
39	56
39	74
39	79
39	85
39	100
39	107
39	122
39	132
39	134
39	168
39	172
39	177
39	184
39	201
39	207
39	226
39	247
39	347
39	379
39	394
39	402
39	517
39	518
39	560
39	629
39	679
39	727
39	730
39	753
39	866
39	890
39	894
39	897
39	922
39	941
39	975
39	992
39	996
40	43
40	67
40	87
40	113
40	140
40	151
40	158
40	163
40	171
40	211
40	224
40	264
40	273
40	294
40	320
40	322
40	341
40	384
40	404
40	418
40	449
40	591
40	594
40	620
40	644
40	646
40	684
40	712
40	736
40	773
40	790
40	792
40	807
40	843
40	966
40	985
40	988
41	57
41	69
41	102
41	135
41	185
41	188
41	214
41	257
41	266
41	268
41	300
41	306
41	343
41	362
41	419
41	437
41	467
41	522
41	532
41	542
41	570
41	624
41	638
41	656
41	674
41	725
41	750
41	774
41	777
41	805
41	896
41	929
41	975
41	979
42	68
42	114
42	116
42	117
42	187
42	219
42	227
42	232
42	248
42	278
42	313
42	323
42	329
42	372
42	400
42	402
42	419
42	444
42	540
42	543
42	583
42	592
42	604
42	623
42	638
42	653
42	735
42	740
42	804
42	806
42	864
42	885
42	898
42	911
42	974
43	54
43	62
43	64
43	74
43	92
43	101
43	106
43	115
43	124
43	127
43	148
43	152
43	185
43	229
43	230
43	237
43	248
43	260
43	302
43	321
43	333
43	370
43	392
43	406
43	416
43	429
43	436
43	560
43	564
43	565
43	641
43	657
43	701
43	743
43	891
43	900
43	993
44	49
44	55
44	59
44	81
44	118
44	121
44	148
44	160
44	173
44	179
44	213
44	234
44	240
44	250
44	259
44	301
44	342
44	365
44	379
44	417
44	432
44	478
44	528
44	530
44	545
44	574
44	627
44	650
44	711
44	734
44	749
44	765
44	777
44	847
44	852
44	874
44	909
44	938
44	986
45	47
45	50
45	63
45	65
45	70
45	89
45	91
45	154
45	155
45	193
45	197
45	272
45	275
45	296
45	304
45	340
45	363
45	378
45	433
45	446
45	460
45	467
45	478
45	487
45	501
45	525
45	534
45	766
45	802
45	855
45	901
45	905
45	928
45	972
45	997
46	47
46	113
46	127
46	131
46	142
46	149
46	208
46	221
46	278
46	330
46	337
46	339
46	353
46	427
46	455
46	498
46	568
46	584
46	601
46	607
46	611
46	617
46	663
46	681
46	702
46	742
46	842
46	853
46	861
46	862
46	878
46	924
46	977
46	1000
47	69
47	99
47	131
47	149
47	150
47	155
47	208
47	221
47	234
47	283
47	310
47	325
47	337
47	339
47	415
47	427
47	436
47	451
47	461
47	498
47	568
47	617
47	640
47	687
47	702
47	742
47	757
47	853
47	861
47	862
47	919
47	924
47	959
48	64
48	73
48	77
48	84
48	90
48	106
48	109
48	119
48	140
48	153
48	165
48	179
48	190
48	197
48	243
48	293
48	318
48	328
48	367
48	385
48	393
48	410
48	451
48	462
48	470
48	503
48	519
48	527
48	539
48	569
48	630
48	719
48	914
48	1000
49	51
49	55
49	59
49	72
49	78
49	81
49	86
49	114
49	118
49	148
49	176
49	183
49	234
49	250
49	259
49	281
49	297
49	314
49	331
49	354
49	390
49	428
49	432
49	438
49	478
49	496
49	508
49	549
49	574
49	731
49	733
49	837
49	909
49	916
49	936
49	994
50	51
50	63
50	65
50	70
50	120
50	125
50	154
50	155
50	204
50	230
50	235
50	244
50	262
50	279
50	304
50	337
50	340
50	361
50	363
50	382
50	398
50	426
50	476
50	487
50	516
50	585
50	619
50	788
50	869
50	930
50	941
50	967
50	972
50	998
51	55
51	72
51	78
51	81
51	86
51	103
51	123
51	148
51	157
51	181
51	196
51	234
51	250
51	272
51	281
51	322
51	331
51	335
51	378
51	379
51	390
51	438
51	508
51	536
51	539
51	577
51	650
51	652
51	671
51	720
51	734
51	816
51	823
51	839
51	852
51	986
52	54
52	82
52	94
52	111
52	121
52	159
52	160
52	174
52	196
52	206
52	216
52	220
52	233
52	241
52	280
52	319
52	362
52	366
52	368
52	434
52	440
52	457
52	480
52	483
52	507
52	530
52	558
52	606
52	732
52	747
52	750
52	763
52	793
52	855
52	862
52	865
52	902
53	76
53	91
53	94
53	96
53	103
53	123
53	126
53	133
53	143
53	166
53	198
53	215
53	251
53	269
53	271
53	277
53	284
53	286
53	290
53	308
53	309
53	327
53	346
53	348
53	357
53	408
53	456
53	489
53	491
53	531
53	748
53	820
53	912
53	983
54	55
54	94
54	96
54	111
54	121
54	160
54	196
54	206
54	213
54	216
54	233
54	256
54	280
54	319
54	366
54	395
54	440
54	457
54	459
54	480
54	507
54	545
54	548
54	550
54	558
54	596
54	606
54	682
54	693
54	732
54	747
54	763
54	768
54	793
54	906
54	931
55	72
55	78
55	86
55	101
55	118
55	141
55	148
55	173
55	234
55	240
55	252
55	272
55	312
55	314
55	331
55	365
55	428
55	452
55	478
55	536
55	543
55	545
55	574
55	603
55	608
55	609
55	652
55	765
55	777
55	892
55	935
55	948
55	994
56	71
56	74
56	85
56	105
56	107
56	108
56	122
56	132
56	168
56	192
56	207
56	258
56	277
56	285
56	401
56	464
56	517
56	580
56	600
56	605
56	664
56	667
56	670
56	679
56	709
56	717
56	753
56	798
56	832
56	856
56	888
56	890
56	922
57	69
57	72
57	128
57	147
57	167
57	169
57	185
57	218
57	223
57	245
57	257
57	409
57	429
57	431
57	445
57	454
57	512
57	522
57	526
57	532
57	542
57	563
57	607
57	635
57	638
57	645
57	674
57	683
57	725
57	929
57	975
58	61
58	83
58	89
58	96
58	100
58	120
58	139
58	146
58	159
58	205
58	212
58	249
58	253
58	274
58	324
58	335
58	344
58	371
58	373
58	417
58	463
58	495
58	524
58	548
58	579
58	621
58	656
58	716
58	728
58	755
58	760
58	838
58	853
58	858
59	78
59	81
59	86
59	118
59	146
59	148
59	181
59	194
59	200
59	220
59	243
59	250
59	259
59	261
59	281
59	301
59	390
59	428
59	536
59	577
59	582
59	595
59	608
59	609
59	685
59	720
59	749
59	765
59	771
59	784
59	816
59	837
59	848
59	893
59	909
60	80
60	82
60	88
60	112
60	138
60	144
60	178
60	276
60	278
60	287
60	289
60	307
60	334
60	345
60	355
60	356
60	439
60	456
60	465
60	486
60	502
60	514
60	516
60	529
60	544
60	634
60	694
60	746
60	769
60	797
60	849
60	857
60	860
60	896
60	968
61	88
61	94
61	96
61	120
61	130
61	139
61	146
61	156
61	161
61	170
61	187
61	209
61	267
61	274
61	288
61	335
61	349
61	460
61	473
61	481
61	524
61	571
61	599
61	660
61	716
61	755
61	760
61	814
61	844
61	858
61	961
61	982
62	84
62	92
62	127
62	147
62	148
62	162
62	215
62	236
62	241
62	248
62	261
62	265
62	268
62	321
62	333
62	381
62	391
62	415
62	416
62	425
62	452
62	482
62	554
62	627
62	641
62	657
62	669
62	696
62	735
62	745
62	756
62	900
62	976
62	981
63	89
63	125
63	154
63	186
63	193
63	197
63	198
63	257
63	279
63	304
63	368
63	375
63	378
63	382
63	393
63	405
63	433
63	449
63	534
63	613
63	637
63	697
63	778
63	788
63	809
63	821
63	855
63	905
63	944
63	972
64	73
64	77
64	78
64	84
64	90
64	106
64	108
64	109
64	119
64	140
64	153
64	165
64	190
64	243
64	252
64	275
64	291
64	369
64	410
64	459
64	503
64	519
64	569
64	628
64	658
64	741
64	752
64	792
64	817
65	70
65	93
65	154
65	163
65	169
65	193
65	197
65	262
65	269
65	275
65	279
65	340
65	361
65	364
65	365
65	378
65	405
65	414
65	476
65	501
65	525
65	549
65	637
65	672
65	707
65	901
65	905
65	941
65	942
65	967
65	998
66	67
66	80
66	82
66	88
66	98
66	112
66	137
66	144
66	178
66	225
66	247
66	276
66	288
66	334
66	345
66	389
66	529
66	544
66	580
66	587
66	662
66	700
66	714
66	723
66	791
66	797
66	857
66	884
66	895
66	897
66	926
66	932
66	947
66	973
67	76
67	91
67	103
67	104
67	116
67	126
67	133
67	143
67	166
67	173
67	254
67	271
67	277
67	284
67	308
67	357
67	414
67	445
67	485
67	489
67	491
67	494
67	533
67	588
67	612
67	715
67	802
67	936
67	989
68	114
68	116
68	117
68	136
68	180
68	195
68	227
68	232
68	278
68	313
68	407
68	453
68	566
68	581
68	603
68	604
68	662
68	699
68	749
68	787
68	821
68	847
68	864
68	911
68	958
68	962
68	970
68	974
69	102
69	135
69	169
69	203
69	210
69	214
69	218
69	246
69	266
69	306
69	399
69	495
69	513
69	520
69	528
69	665
69	722
69	732
69	774
69	833
69	859
69	896
69	920
69	949
69	969
69	990
70	76
70	89
70	125
70	154
70	155
70	186
70	193
70	204
70	205
70	244
70	296
70	324
70	361
70	363
70	368
70	378
70	393
70	433
70	467
70	601
70	605
70	675
70	765
70	766
70	780
70	807
70	839
70	928
70	942
70	998
71	74
71	79
71	85
71	107
71	132
71	134
71	184
71	200
71	201
71	236
71	246
71	258
71	285
71	401
71	458
71	517
71	540
71	546
71	562
71	580
71	600
71	629
71	639
71	664
71	667
71	693
71	709
71	719
71	798
71	888
71	973
72	78
72	86
72	118
72	154
72	179
72	181
72	183
72	222
72	271
72	301
72	331
72	354
72	379
72	390
72	438
72	466
72	476
72	478
72	608
72	611
72	650
72	671
72	692
72	711
72	734
72	766
72	771
72	784
72	811
72	893
72	937
73	77
73	90
73	106
73	109
73	118
73	119
73	153
73	163
73	165
73	190
73	207
73	216
73	238
73	243
73	360
73	441
73	503
73	519
73	527
73	626
73	642
73	752
73	841
73	867
73	914
73	917
73	940
73	953
74	85
74	100
74	132
74	184
74	200
74	201
74	202
74	242
74	258
74	320
74	383
74	394
74	540
74	563
74	565
74	570
74	580
74	629
74	670
74	679
74	717
74	719
74	753
74	890
74	897
74	939
74	960
74	964
74	996
75	93
75	97
75	125
75	176
75	181
75	189
75	231
75	299
75	319
75	336
75	365
75	442
75	473
75	504
75	506
75	510
75	516
75	523
75	561
75	567
75	724
75	744
75	772
75	775
75	783
75	850
75	871
75	873
75	892
75	907
75	927
75	943
76	83
76	91
76	103
76	123
76	133
76	143
76	159
76	166
76	198
76	254
76	277
76	286
76	290
76	327
76	346
76	348
76	355
76	357
76	413
76	415
76	489
76	493
76	500
76	533
76	593
76	612
76	648
76	690
76	707
76	802
76	912
77	84
77	91
77	108
77	109
77	119
77	140
77	153
77	165
77	188
77	238
77	293
77	318
77	328
77	385
77	387
77	437
77	462
77	525
77	527
77	568
77	658
77	741
77	752
77	818
77	841
77	925
77	953
77	966
78	81
78	86
78	112
78	173
78	183
78	234
78	250
78	281
78	301
78	311
78	331
78	342
78	397
78	407
78	432
78	466
78	478
78	496
78	608
78	671
78	720
78	771
78	777
78	820
78	837
78	874
78	893
78	907
79	85
79	100
79	105
79	107
79	122
79	126
79	132
79	168
79	172
79	194
79	207
79	347
79	401
79	458
79	484
79	517
79	562
79	589
79	610
79	639
79	670
79	719
79	727
79	731
79	828
79	829
79	834
79	922
79	996
80	82
80	138
80	144
80	148
80	174
80	178
80	276
80	287
80	289
80	307
80	345
80	347
80	355
80	356
80	380
80	421
80	465
80	474
80	514
80	515
80	520
80	529
80	597
80	643
80	662
80	694
80	746
80	857
80	908
80	910
80	947
80	971
81	86
81	118
81	119
81	136
81	143
81	157
81	181
81	192
81	222
81	225
81	240
81	314
81	331
81	342
81	365
81	438
81	466
81	508
81	539
81	543
81	577
81	582
81	608
81	627
81	652
81	711
81	874
81	893
82	88
82	112
82	138
82	144
82	178
82	194
82	217
82	225
82	228
82	287
82	297
82	345
82	375
82	387
82	389
82	439
82	465
82	477
82	502
82	514
82	572
82	746
82	769
82	857
82	895
82	917
83	88
83	101
83	139
83	146
83	156
83	164
83	207
83	209
83	212
83	226
83	267
83	335
83	350
83	371
83	372
83	376
83	377
83	384
83	463
83	481
83	571
83	622
83	631
83	647
83	727
83	728
83	814
83	819
83	982
84	90
84	108
84	109
84	139
84	140
84	153
84	165
84	238
84	243
84	291
84	293
84	318
84	328
84	337
84	410
84	497
84	534
84	626
84	739
84	741
84	769
84	792
84	867
84	940
85	100
85	105
85	107
85	134
85	168
85	172
85	200
85	201
85	218
85	272
85	347
85	509
85	588
85	600
85	639
85	649
85	667
85	690
85	719
85	726
85	730
85	753
85	798
85	939
85	960
85	996
86	96
86	148
86	157
86	173
86	225
86	301
86	354
86	432
86	508
86	536
86	569
86	595
86	608
86	609
86	641
86	692
86	733
86	749
86	777
86	779
86	784
86	893
86	909
86	950
87	110
87	115
87	171
87	224
87	235
87	264
87	332
87	396
87	403
87	404
87	421
87	437
87	449
87	468
87	492
87	535
87	562
87	578
87	615
87	618
87	633
87	634
87	707
87	708
87	767
87	807
87	832
87	838
87	962
88	92
88	98
88	112
88	137
88	144
88	161
88	178
88	180
88	217
88	225
88	228
88	265
88	334
88	387
88	389
88	439
88	529
88	643
88	676
88	694
88	700
88	769
88	797
88	887
88	908
88	968
88	971
89	125
89	137
89	186
89	193
89	204
89	205
89	217
89	275
89	279
89	296
89	361
89	368
89	398
89	446
89	525
89	532
89	534
89	672
89	780
89	788
89	839
89	886
89	901
89	995
89	997
90	102
90	106
90	108
90	109
90	238
90	252
90	291
90	318
90	367
90	462
90	497
90	503
90	557
90	569
90	614
90	630
90	673
90	691
90	741
90	752
90	829
90	904
91	103
91	104
91	123
91	126
91	143
91	158
91	159
91	198
91	215
91	284
91	286
91	346
91	352
91	362
91	380
91	408
91	489
91	491
91	494
91	588
91	642
91	810
91	926
92	115
92	124
92	145
92	230
92	241
92	253
92	260
92	300
92	317
92	370
92	374
92	416
92	425
92	482
92	493
92	515
92	537
92	565
92	589
92	599
92	627
92	718
92	729
92	799
92	846
92	866
92	891
92	900
92	956
93	129
93	135
93	141
93	175
93	176
93	179
93	223
93	242
93	253
93	263
93	270
93	277
93	299
93	341
93	443
93	470
93	506
93	547
93	581
93	651
93	713
93	721
93	744
93	776
93	870
93	871
93	873
93	952
93	963
94	95
94	157
94	160
94	174
94	196
94	213
94	216
94	220
94	233
94	280
94	319
94	326
94	362
94	366
94	377
94	395
94	411
94	440
94	479
94	483
94	530
94	546
94	558
94	606
94	716
94	758
94	886
94	902
95	111
95	121
95	124
95	126
95	130
95	160
95	174
95	196
95	213
95	216
95	220
95	233
95	253
95	256
95	269
95	319
95	339
95	362
95	407
95	411
95	434
95	480
95	483
95	507
95	550
95	596
95	750
95	762
95	828
95	886
95	902
96	120
96	182
96	209
96	226
96	251
96	255
96	267
96	288
96	324
96	349
96	377
96	417
96	481
96	488
96	495
96	524
96	579
96	666
96	814
96	819
96	832
97	141
97	175
97	199
97	231
97	253
97	294
97	310
97	311
97	336
97	338
97	341
97	442
97	470
97	473
97	516
97	531
97	611
97	693
97	721
97	724
97	775
97	783
97	818
97	918
97	933
97	952
98	110
98	137
98	138
98	144
98	178
98	194
98	250
98	276
98	287
98	289
98	355
98	356
98	375
98	389
98	439
98	465
98	530
98	559
98	587
98	590
98	649
98	694
98	799
98	857
98	895
98	904
98	968
98	971
99	113
99	116
99	131
99	149
99	221
99	240
99	310
99	325
99	330
99	353
99	450
99	451
99	582
99	601
99	640
99	659
99	681
99	742
99	757
99	795
99	818
99	826
99	853
99	919
99	924
99	946
99	977
100	107
100	131
100	132
100	134
100	168
100	184
100	201
100	207
100	281
100	285
100	361
100	378
100	394
100	402
100	458
100	484
100	559
100	709
100	726
100	753
100	834
100	866
100	888
100	897
100	922
101	124
101	127
101	156
101	162
101	191
101	229
101	260
101	261
101	312
101	316
101	321
101	392
101	415
101	452
101	518
101	552
101	647
101	669
101	710
101	738
101	743
101	756
101	815
101	854
101	885
101	891
102	118
102	128
102	185
102	214
102	218
102	246
102	300
102	306
102	357
102	419
102	423
102	521
102	532
102	555
102	624
102	722
102	812
102	813
102	830
102	833
102	879
102	950
103	104
103	126
103	133
103	138
103	159
103	166
103	193
103	215
103	254
103	271
103	284
103	290
103	308
103	346
103	414
103	456
103	489
103	588
103	593
103	748
103	820
103	868
103	989
104	110
104	123
104	126
104	143
104	157
104	215
104	277
104	286
104	308
104	327
104	346
104	352
104	380
104	414
104	489
104	491
104	511
104	523
104	546
104	556
104	625
104	912
104	926
105	107
105	123
105	168
105	172
105	184
105	200
105	207
105	285
105	320
105	347
105	402
105	419
105	517
105	540
105	556
105	600
105	606
105	629
105	639
105	670
105	798
105	888
105	897
105	939
105	964
106	109
106	139
106	153
106	195
106	200
106	252
106	264
106	284
106	328
106	385
106	441
106	519
106	557
106	569
106	575
106	626
106	691
106	739
106	752
106	841
106	940
107	112
107	122
107	134
107	172
107	179
107	200
107	207
107	293
107	318
107	347
107	412
107	517
107	540
107	556
107	597
107	600
107	664
107	709
107	717
107	726
107	798
107	834
107	866
107	894
108	109
108	140
108	165
108	190
108	219
108	238
108	243
108	282
108	291
108	353
108	360
108	367
108	397
108	410
108	426
108	497
108	575
108	630
108	754
108	940
108	953
109	119
109	140
109	153
109	221
109	238
109	243
109	252
109	328
109	350
109	426
109	445
109	630
109	698
109	739
109	741
109	770
109	877
110	128
110	143
110	151
110	171
110	202
110	210
110	273
110	294
110	322
110	418
110	420
110	421
110	430
110	449
110	463
110	499
110	578
110	589
110	620
110	628
110	634
110	644
110	665
110	686
110	773
110	790
111	121
111	160
111	174
111	185
111	196
111	213
111	220
111	326
111	362
111	366
111	395
111	407
111	425
111	431
111	457
111	480
111	507
111	530
111	550
111	558
111	596
111	752
111	773
111	793
111	892
111	931
111	957
112	137
112	144
112	178
112	194
112	217
112	252
112	265
112	297
112	334
112	345
112	355
112	375
112	439
112	474
112	504
112	514
112	559
112	590
112	597
112	746
112	797
112	884
113	131
113	150
113	208
113	213
113	221
113	283
113	310
113	337
113	339
113	427
113	455
113	526
113	584
113	663
113	734
113	781
113	792
113	861
113	862
113	872
113	946
113	955
113	962
113	984
114	116
114	117
114	175
114	180
114	216
114	232
114	278
114	303
114	313
114	435
114	442
114	538
114	549
114	567
114	581
114	603
114	614
114	649
114	653
114	654
114	678
114	782
114	824
114	864
114	898
115	127
115	152
115	162
115	177
115	237
115	248
115	266
115	302
115	312
115	374
115	386
115	406
115	416
115	448
115	454
115	479
115	515
115	548
115	565
115	696
115	705
115	794
115	835
115	846
116	150
116	187
116	219
116	315
116	323
116	372
116	435
116	444
116	475
116	566
116	581
116	583
116	586
116	603
116	653
116	654
116	678
116	699
116	771
116	824
116	895
116	958
116	962
117	136
117	142
117	180
117	226
117	227
117	294
117	313
117	315
117	323
117	553
117	592
117	604
117	648
117	649
117	653
117	677
117	689
117	735
117	795
117	911
117	914
117	921
117	945
117	958
118	132
118	148
118	173
118	181
118	222
118	228
118	259
118	301
118	332
118	354
118	365
118	397
118	428
118	466
118	539
118	543
118	545
118	611
118	816
118	848
118	874
118	930
119	140
119	143
119	165
119	190
119	208
119	238
119	279
119	328
119	358
119	410
119	426
119	441
119	497
119	519
119	527
119	569
119	673
119	792
119	841
120	128
120	139
120	157
120	164
120	169
120	212
120	235
120	255
120	274
120	309
120	324
120	335
120	351
120	371
120	376
120	388
120	460
120	481
120	495
120	535
120	632
120	768
121	160
121	174
121	196
121	206
121	213
121	216
121	220
121	280
121	326
121	395
121	431
121	432
121	434
121	480
121	606
121	762
121	763
121	768
121	803
121	865
121	886
121	929
121	960
121	989
121	1000
122	134
122	184
122	188
122	200
122	285
122	305
122	389
122	394
122	401
122	458
122	459
122	556
122	600
122	610
122	629
122	667
122	679
122	727
122	821
122	834
122	922
122	960
122	964
123	129
123	143
123	159
123	166
123	197
123	254
123	271
123	277
123	284
123	308
123	346
123	413
123	456
123	485
123	494
123	584
123	593
123	810
123	858
123	926
124	144
124	152
124	191
124	206
124	260
124	268
124	343
124	388
124	406
124	409
124	415
124	416
124	429
124	452
124	537
124	554
124	560
124	692
124	707
124	751
124	756
124	796
124	891
125	127
125	155
125	205
125	269
125	275
125	279
125	361
125	368
125	382
125	398
125	429
125	433
125	469
125	600
125	619
125	658
125	675
125	788
125	905
125	942
126	133
126	143
126	159
126	215
126	254
126	271
126	290
126	352
126	413
126	533
126	536
126	593
126	690
126	691
126	751
126	801
126	810
126	845
126	883
126	912
127	162
127	177
127	224
127	229
127	236
127	237
127	266
127	302
127	343
127	345
127	386
127	391
127	416
127	448
127	493
127	554
127	669
127	729
127	730
127	745
127	808
128	135
128	147
128	149
128	169
128	185
128	245
128	359
128	488
128	500
128	525
128	526
128	542
128	570
128	595
128	674
128	680
128	813
128	830
128	836
128	915
128	929
129	141
129	147
129	175
129	181
129	195
129	223
129	239
129	242
129	253
129	263
129	282
129	359
129	447
129	516
129	553
129	651
129	668
129	721
129	775
129	871
129	899
129	927
129	943
130	164
130	170
130	182
130	212
130	235
130	249
130	255
130	267
130	274
130	335
130	371
130	372
130	463
130	471
130	505
130	524
130	631
130	660
130	785
130	814
130	819
130	946
131	132
131	149
131	150
131	208
131	221
131	353
131	427
131	450
131	455
131	466
131	601
131	617
131	640
131	742
131	826
131	853
131	862
131	924
131	931
131	971
131	977
132	168
132	184
132	207
132	258
132	285
132	300
132	305
132	383
132	394
132	484
132	540
132	664
132	667
132	719
132	726
132	828
132	897
132	929
133	166
133	198
133	215
133	254
133	277
133	327
133	337
133	348
133	352
133	357
133	413
133	446
133	485
133	546
133	573
133	591
133	690
133	715
133	810
133	925
133	989
134	200
134	201
134	258
134	363
134	382
134	393
134	394
134	401
134	418
134	540
134	556
134	562
134	600
134	727
134	753
134	789
134	866
134	894
134	960
134	992
135	169
135	203
135	486
135	500
135	506
135	512
135	513
135	528
135	541
135	570
135	600
135	602
135	646
135	677
135	713
135	725
135	726
135	805
135	879
135	896
135	979
135	990
136	142
136	180
136	187
136	195
136	219
136	227
136	278
136	303
136	329
136	444
136	453
136	581
136	623
136	625
136	648
136	678
136	699
136	735
136	754
136	877
136	959
136	984
136	991
137	144
137	178
137	217
137	255
137	276
137	287
137	289
137	345
137	355
137	356
137	502
137	514
137	655
137	706
137	714
137	723
137	759
137	857
137	860
137	887
137	947
138	144
138	178
138	187
138	217
138	225
138	307
138	375
138	389
138	424
138	439
138	474
138	514
138	529
138	676
138	700
138	714
138	769
138	874
138	910
138	932
139	140
139	156
139	166
139	170
139	235
139	324
139	376
139	377
139	388
139	422
139	423
139	495
139	554
139	561
139	632
139	755
139	764
139	803
139	961
140	165
140	187
140	190
140	238
140	243
140	318
140	328
140	367
140	385
140	410
140	462
140	527
140	557
140	653
140	792
140	964
141	202
141	242
141	253
141	270
141	282
141	336
141	369
141	443
141	504
141	516
141	616
141	633
141	651
141	668
141	689
141	695
141	744
141	798
141	850
141	871
141	937
142	173
142	180
142	278
142	303
142	313
142	315
142	335
142	430
142	444
142	475
142	581
142	592
142	649
142	806
142	815
142	825
142	864
142	898
142	911
142	958
142	962
142	974
143	166
143	271
143	327
143	346
143	352
143	357
143	380
143	413
143	478
143	491
143	511
143	612
143	625
143	682
143	810
144	178
144	194
144	217
144	225
144	265
144	295
144	297
144	340
144	356
144	400
144	431
144	439
144	465
144	502
144	559
144	592
144	799
144	849
145	177
145	236
145	248
145	266
145	316
145	321
145	333
145	387
145	392
145	427
145	448
145	451
145	477
145	482
145	598
145	738
145	743
145	745
145	796
145	817
145	831
145	846
145	854
145	885
145	956
145	993
146	170
146	182
146	195
146	209
146	226
146	235
146	350
146	471
146	495
146	579
146	609
146	632
146	659
146	660
146	699
146	728
146	763
146	803
146	951
146	982
147	192
147	214
147	306
147	307
147	344
147	346
147	399
147	419
147	467
147	520
147	522
147	526
147	551
147	602
147	635
147	645
147	646
147	722
147	759
147	800
147	863
148	179
148	234
148	397
148	404
148	432
148	508
148	543
148	574
148	595
148	685
148	731
148	734
148	848
148	909
148	950
148	981
148	999
149	150
149	221
149	260
149	298
149	325
149	330
149	337
149	438
149	455
149	687
149	702
149	757
149	826
149	827
149	878
149	919
149	928
149	955
149	977
150	187
150	221
150	283
150	310
150	317
150	339
150	442
150	450
150	568
150	601
150	607
150	663
150	742
150	754
150	781
150	872
150	946
150	955
151	175
151	211
151	247
151	294
151	344
151	358
151	396
151	404
151	420
151	421
151	430
151	449
151	492
151	499
151	616
151	654
151	706
151	729
151	890
151	948
151	966
151	985
152	177
152	231
152	237
152	248
152	268
152	316
152	328
152	333
152	392
152	415
152	429
152	463
152	657
152	701
152	705
152	729
152	817
152	854
152	881
152	906
152	984
153	169
153	190
153	198
153	238
153	252
153	318
153	360
153	367
153	368
153	461
153	462
153	527
153	658
153	691
153	718
154	165
154	244
154	275
154	361
154	364
154	446
154	476
154	487
154	501
154	525
154	585
154	613
154	778
154	780
154	843
154	863
154	870
154	995
154	998
155	186
155	204
155	244
155	262
155	275
155	279
155	296
155	304
155	340
155	366
155	382
155	397
155	398
155	697
155	766
155	780
155	829
155	855
155	972
155	997
156	164
156	182
156	267
156	288
156	301
156	376
156	377
156	463
156	535
156	579
156	632
156	636
156	716
156	764
156	785
156	797
156	803
156	819
156	856
156	891
156	957
157	173
157	183
157	213
157	234
157	250
157	272
157	496
157	539
157	545
157	582
157	595
157	608
157	609
157	650
157	720
157	749
157	771
157	776
157	837
157	892
157	986
158	204
158	211
158	224
158	247
158	264
158	294
158	320
158	331
158	404
158	420
158	437
158	529
158	591
158	616
158	628
158	642
158	684
158	686
158	720
158	767
158	790
158	985
159	198
159	254
159	286
159	325
159	327
159	352
159	511
159	690
159	714
159	748
159	801
159	802
159	810
159	820
159	912
159	936
160	171
160	174
160	196
160	220
160	233
160	234
160	256
160	280
160	295
160	319
160	334
160	390
160	411
160	434
160	457
160	480
160	750
160	758
160	762
161	211
161	224
161	253
161	264
161	273
161	294
161	322
161	449
161	468
161	472
161	578
161	586
161	633
161	684
161	773
161	790
161	843
161	865
161	904
161	980
162	189
162	230
162	236
162	302
162	315
162	316
162	333
162	381
162	477
162	518
162	560
162	658
162	701
162	738
162	751
162	794
162	815
162	848
162	885
162	927
163	170
163	171
163	202
163	224
163	247
163	369
163	384
163	396
163	505
163	578
163	594
163	616
163	620
163	634
163	644
163	812
163	838
163	880
163	960
164	183
164	288
164	298
164	309
164	323
164	344
164	350
164	354
164	356
164	373
164	460
164	535
164	636
164	656
164	660
164	666
164	789
164	951
164	961
165	243
165	360
165	387
165	426
165	503
165	557
165	671
165	711
165	739
165	814
165	867
165	938
165	943
166	191
166	198
166	254
166	327
166	380
166	408
166	414
166	420
166	495
166	511
166	707
166	715
166	925
166	989
167	210
167	245
167	257
167	306
167	399
167	416
167	423
167	445
167	521
167	551
167	563
167	573
167	602
167	674
167	703
167	759
167	779
167	800
167	812
167	859
167	969
167	982
168	172
168	184
168	190
168	201
168	207
168	214
168	241
168	381
168	383
168	394
168	402
168	458
168	709
168	753
168	866
168	870
168	939
169	188
169	203
169	218
169	419
169	482
169	512
169	528
169	532
169	541
169	576
169	722
169	756
169	800
169	813
169	979
170	226
170	267
170	274
170	350
170	422
170	435
170	468
170	481
170	555
170	579
170	622
170	647
170	659
170	704
170	755
170	791
170	844
171	211
171	247
171	294
171	313
171	320
171	322
171	332
171	448
171	492
171	557
171	589
171	665
171	684
171	686
171	757
171	786
171	843
172	200
172	207
172	305
172	341
172	347
172	383
172	401
172	490
172	499
172	556
172	600
172	679
172	717
172	727
172	828
172	888
172	992
173	216
173	222
173	259
173	331
173	365
173	475
173	539
173	543
173	595
173	652
173	692
173	733
173	779
173	784
173	893
173	992
173	999
174	189
174	196
174	206
174	213
174	216
174	220
174	295
174	326
174	411
174	440
174	479
174	503
174	550
174	574
174	596
174	606
174	758
174	772
175	199
175	223
175	239
175	242
175	263
175	270
175	286
175	359
175	443
175	470
175	473
175	531
175	553
175	634
175	693
175	918
175	963
175	978
175	989
176	199
176	263
176	278
176	282
176	338
176	404
176	442
176	472
176	490
176	506
176	516
176	531
176	567
176	651
176	668
176	772
176	783
176	805
176	850
176	899
177	191
177	229
177	268
177	312
177	333
177	391
177	425
177	477
177	493
177	532
177	554
177	657
177	696
177	743
177	751
177	817
177	952
177	956
177	966
177	981
178	205
178	217
178	228
178	241
178	249
178	265
178	334
178	355
178	356
178	597
178	658
178	867
178	932
178	968
179	181
179	183
179	240
179	272
179	311
179	397
179	438
179	478
179	539
179	545
179	574
179	582
179	608
179	611
179	692
179	777
179	784
179	814
179	852
180	195
180	313
180	323
180	329
180	372
180	453
180	583
180	591
180	592
180	614
180	639
180	740
180	787
180	795
180	806
180	945
181	183
181	222
181	240
181	250
181	281
181	328
181	365
181	379
181	396
181	539
181	582
181	611
181	734
181	816
181	852
181	913
182	212
182	298
182	328
182	351
182	376
182	377
182	388
182	417
182	495
182	579
182	704
182	755
182	840
182	935
182	951
182	953
182	964
183	240
183	244
183	281
183	365
183	478
183	510
183	543
183	574
183	608
183	609
183	731
183	733
183	737
183	777
183	784
183	823
183	848
184	200
184	207
184	216
184	307
184	321
184	347
184	560
184	580
184	632
184	639
184	717
184	726
184	922
184	964
184	992
185	192
185	217
185	257
185	399
185	512
185	521
185	551
185	598
185	680
185	725
185	835
185	879
185	969
186	193
186	244
186	262
186	340
186	368
186	377
186	378
186	382
186	605
186	637
186	672
186	814
186	888
186	901
186	923
186	942
186	998
187	219
187	232
187	315
187	329
187	372
187	538
187	583
187	603
187	623
187	693
187	740
187	787
187	806
187	824
187	825
188	203
188	210
188	246
188	264
188	292
188	445
188	454
188	467
188	576
188	602
188	680
188	713
188	759
188	835
188	934
188	975
189	231
189	253
189	270
189	282
189	313
189	442
189	447
189	473
189	490
189	510
189	547
189	567
189	689
189	744
189	850
189	882
189	933
189	954
190	293
190	299
190	328
190	338
190	360
190	385
190	462
190	557
190	737
190	938
191	241
191	248
191	316
191	346
191	352
191	370
191	374
191	416
191	436
191	477
191	493
191	560
191	669
191	729
191	796
191	881
191	951
191	976
192	203
192	210
192	261
192	292
192	300
192	419
192	445
192	520
192	551
192	680
192	835
192	840
192	889
192	919
192	975
193	262
193	269
193	345
193	367
193	382
193	412
193	433
193	487
193	607
193	780
193	809
193	863
193	930
193	941
194	287
194	334
194	339
194	345
194	375
194	514
194	587
194	590
194	597
194	676
194	791
194	804
194	822
194	868
194	932
194	965
194	968
195	232
195	303
195	323
195	372
195	453
195	510
195	538
195	583
195	604
195	623
195	782
195	804
195	821
195	911
195	921
195	923
196	216
196	280
196	362
196	395
196	407
196	411
196	431
196	459
196	483
196	507
196	576
196	651
196	695
196	865
197	204
197	205
197	271
197	296
197	364
197	393
197	412
197	487
197	605
197	619
197	637
197	766
197	784
197	809
197	901
197	912
197	941
197	944
198	215
198	263
198	271
198	290
198	308
198	346
198	348
198	357
198	380
198	456
198	511
198	517
198	612
198	860
199	231
199	299
199	357
199	475
199	510
199	516
199	531
199	567
199	576
199	668
199	689
199	695
199	772
199	850
199	873
199	927
199	952
199	963
199	978
200	258
200	285
200	394
200	402
200	484
200	562
200	610
200	623
200	670
200	789
200	890
200	964
201	207
201	305
201	395
201	458
201	490
201	520
201	556
201	562
201	582
201	610
201	709
201	717
201	726
201	753
201	798
202	234
202	294
202	320
202	358
202	384
202	403
202	404
202	449
202	465
202	469
202	492
202	620
202	665
202	832
202	880
202	966
203	204
203	246
203	289
203	339
203	353
203	500
203	528
203	542
203	602
203	645
203	761
203	774
203	889
203	915
203	969
203	979
204	205
204	244
204	262
204	269
204	304
204	521
204	579
204	605
204	619
204	780
204	839
204	905
204	928
204	972
205	244
205	269
205	304
205	364
205	382
205	398
205	412
205	433
205	476
205	496
205	585
205	697
205	778
205	855
205	863
205	903
206	213
206	216
206	220
206	233
206	319
206	366
206	392
206	457
206	459
206	479
206	480
206	483
206	711
206	750
206	902
206	1000
207	208
207	258
207	312
207	383
207	458
207	543
207	727
207	890
207	960
208	221
208	256
208	283
208	325
208	363
208	450
208	451
208	461
208	494
208	607
208	757
208	826
208	842
208	872
209	274
209	298
209	335
209	453
209	460
209	495
209	529
209	548
209	631
209	636
209	666
209	716
209	728
209	763
209	803
210	214
210	246
210	273
210	288
210	391
210	467
210	512
210	520
210	521
210	570
210	643
210	645
210	683
210	722
211	219
211	226
211	247
211	320
211	358
211	396
211	400
211	403
211	468
211	492
211	634
211	698
211	736
211	838
211	991
212	249
212	251
212	279
212	335
212	376
212	388
212	495
212	549
212	565
212	590
212	622
212	666
212	856
212	858
213	216
213	256
213	326
213	366
213	411
213	431
213	434
213	483
213	596
213	758
213	920
213	950
213	1000
214	218
214	423
214	454
214	500
214	528
214	573
214	598
214	602
214	761
214	844
214	876
214	977
214	980
215	256
215	280
215	308
215	327
215	348
215	352
215	357
215	360
215	408
215	414
215	583
215	690
215	883
215	925
216	256
216	434
216	440
216	457
216	483
216	509
216	558
216	606
216	762
216	886
217	225
217	228
217	238
217	289
217	345
217	355
217	514
217	572
217	655
217	663
217	694
217	860
217	908
218	246
218	257
218	292
218	305
218	467
218	526
218	563
218	573
218	645
218	713
218	759
218	828
218	979
219	227
219	232
219	278
219	311
219	453
219	475
219	603
219	623
219	699
219	735
219	804
219	825
219	842
219	864
219	962
220	280
220	362
220	366
220	395
220	422
220	440
220	457
220	459
220	530
220	596
220	682
220	750
221	283
221	325
221	432
221	451
221	455
221	498
221	872
221	878
221	919
221	984
222	223
222	245
222	281
222	331
222	342
222	379
222	438
222	569
222	577
222	609
222	611
222	692
222	733
222	837
222	918
222	948
222	986
223	231
223	299
223	336
223	341
223	470
223	490
223	516
223	531
223	553
223	708
223	776
223	819
223	907
223	937
223	963
224	246
224	273
224	418
224	492
224	594
224	615
224	616
224	698
224	700
224	706
224	712
224	736
224	880
225	289
225	335
225	389
225	442
225	465
225	514
225	694
225	791
225	797
225	799
225	868
225	910
225	973
226	249
226	251
226	274
226	284
226	360
226	371
226	373
226	417
226	422
226	495
226	555
226	704
226	982
227	232
227	329
227	372
227	475
227	566
227	623
227	677
227	740
227	817
227	824
227	830
227	921
228	251
228	265
228	283
228	297
228	355
228	424
228	474
228	502
228	544
228	572
228	908
228	917
228	932
228	947
229	233
229	260
229	261
229	302
229	326
229	343
229	381
229	414
229	482
229	493
229	509
229	534
229	743
229	745
229	794
229	993
230	260
230	302
230	312
230	343
230	436
230	487
230	564
230	705
230	718
230	751
230	794
230	854
230	857
230	891
230	976
231	263
231	299
231	304
231	311
231	369
231	490
231	504
231	547
231	703
231	776
231	812
231	829
231	846
231	954
231	957
232	303
232	315
232	369
232	404
232	413
232	435
232	592
232	618
232	648
232	653
232	804
232	923
233	256
233	280
233	295
233	309
233	326
233	407
233	411
233	457
233	479
233	556
233	558
233	758
233	768
234	250
234	365
234	432
234	438
234	505
234	545
234	627
234	671
234	692
234	771
234	892
235	251
235	288
235	335
235	351
235	390
235	417
235	422
235	445
235	463
235	524
235	561
235	621
235	659
235	764
236	268
236	344
236	374
236	392
236	407
236	409
236	448
236	464
236	552
236	565
236	631
236	669
236	745
236	808
236	885
237	247
237	248
237	261
237	343
237	374
237	391
237	406
237	511
237	515
237	552
237	669
237	701
237	831
237	965
237	981
238	387
238	441
238	561
238	621
238	792
238	938
239	282
239	336
239	338
239	512
239	531
239	620
239	651
239	829
239	851
239	861
239	870
239	871
239	882
239	933
239	957
239	979
239	987
240	301
240	397
240	428
240	432
240	501
240	536
240	577
240	599
240	609
240	779
240	874
240	893
241	260
241	386
241	391
241	416
241	552
241	554
241	696
241	705
241	718
241	729
241	745
241	775
241	881
241	997
242	253
242	336
242	338
242	341
242	447
242	458
242	470
242	504
242	510
242	516
242	668
242	702
242	753
242	882
242	978
243	441
243	658
243	673
243	766
243	776
243	841
243	982
244	269
244	398
244	405
244	476
244	501
244	544
244	637
244	672
244	813
244	928
245	246
245	257
245	371
245	399
245	445
245	457
245	520
245	522
245	573
245	598
245	646
245	680
245	683
245	833
245	896
246	257
246	522
246	563
246	674
246	836
246	879
246	889
247	273
247	420
247	430
247	449
247	578
247	615
247	618
247	633
247	665
247	684
247	698
248	343
248	369
248	370
248	381
248	399
248	406
248	464
248	509
248	751
248	794
248	808
248	817
249	255
249	288
249	298
249	309
249	351
249	367
249	373
249	460
249	471
249	524
249	656
249	716
249	764
249	771
249	785
250	272
250	354
250	390
250	438
250	451
250	482
250	496
250	652
250	671
250	731
250	816
250	837
251	335
251	450
251	460
251	484
251	535
251	622
251	631
251	647
251	755
251	760
251	789
251	819
251	856
252	293
252	385
252	426
252	443
252	519
252	575
252	630
252	758
252	867
252	938
253	263
253	336
253	443
253	473
253	523
253	775
253	882
253	907
253	957
254	286
254	302
254	546
254	588
254	667
254	690
254	748
254	883
254	926
254	970
255	373
255	376
255	463
255	481
255	549
255	561
255	647
255	656
255	703
255	744
255	844
255	856
255	935
256	296
256	303
256	319
256	407
256	411
256	459
256	509
256	558
256	596
256	750
256	763
256	768
256	1000
257	284
257	551
257	576
257	760
257	761
257	813
257	845
257	979
258	285
258	402
258	534
258	540
258	580
258	667
258	670
258	786
258	834
258	946
258	955
259	272
259	280
259	314
259	354
259	379
259	382
259	390
259	438
259	466
259	478
259	609
259	765
259	848
260	343
260	374
260	386
260	409
260	425
260	448
260	604
260	854
261	317
261	321
261	370
261	381
261	448
261	493
261	701
261	705
261	808
261	981
262	272
262	275
262	311
262	340
262	352
262	363
262	378
262	405
262	469
262	661
262	675
262	697
262	997
263	270
263	282
263	299
263	311
263	442
263	513
263	586
263	721
263	810
263	954
263	957
263	987
264	322
264	375
264	404
264	418
264	449
264	505
264	594
264	616
264	634
264	698
264	916
264	968
265	276
265	307
265	308
265	309
265	310
265	334
265	597
265	655
265	700
265	822
265	887
265	895
265	910
266	268
266	386
266	409
266	415
266	443
266	452
266	518
266	552
266	560
266	564
266	657
266	813
266	817
266	831
266	981
267	309
267	345
267	377
267	471
267	535
267	543
267	561
267	704
267	935
267	988
268	312
268	316
268	317
268	333
268	381
268	385
268	386
268	429
268	448
268	846
268	903
269	382
269	393
269	585
269	630
269	637
269	661
269	675
269	778
269	863
270	299
270	338
270	341
270	359
270	369
270	443
270	693
270	775
270	782
270	859
270	937
270	954
270	979
271	290
271	352
271	408
271	494
271	533
271	580
271	801
271	810
271	820
272	354
272	367
272	428
272	432
272	582
272	765
272	771
272	852
272	948
272	986
272	994
273	418
273	499
273	505
273	547
273	586
273	615
273	618
273	726
273	786
273	811
273	904
273	966
274	324
274	350
274	425
274	467
274	535
274	548
274	566
274	579
274	659
274	814
274	938
275	398
275	405
275	507
275	534
275	869
275	942
275	972
275	994
275	995
275	999
276	297
276	307
276	325
276	334
276	356
276	389
276	439
276	544
276	601
276	822
276	973
277	290
277	489
277	494
277	532
277	533
277	588
277	625
277	983
277	989
278	313
278	329
278	446
278	566
278	653
278	677
278	806
278	970
279	304
279	364
279	405
279	469
279	497
279	525
279	762
279	809
279	839
279	995
280	295
280	326
280	431
280	440
280	459
280	763
280	793
280	865
281	301
281	314
281	390
281	428
281	432
281	466
281	545
281	608
281	743
281	837
281	850
281	920
282	311
282	359
282	443
282	490
282	547
282	553
282	695
282	775
282	776
282	933
282	954
283	339
283	353
283	433
283	451
283	455
283	461
283	663
283	678
283	748
283	878
283	959
284	286
284	380
284	533
284	599
284	612
284	625
284	802
284	925
284	936
285	310
285	428
285	458
285	600
285	629
285	639
285	642
285	834
285	985
286	290
286	346
286	348
286	414
286	593
286	612
286	639
286	642
287	307
287	330
287	333
287	345
287	572
287	638
287	643
287	769
287	887
287	895
287	908
287	947
287	965
288	298
288	324
288	376
288	463
288	589
288	728
288	789
289	297
289	375
289	423
289	465
289	643
289	680
289	700
289	703
289	714
289	723
289	857
290	319
290	346
290	348
290	380
290	494
290	514
290	533
290	685
290	801
291	410
291	441
291	480
291	519
291	533
291	569
291	626
291	658
291	739
291	770
292	388
292	419
292	492
292	513
292	635
292	638
292	646
292	683
292	774
292	878
292	929
293	367
293	441
293	462
293	557
293	581
293	691
293	758
293	862
293	914
294	358
294	404
294	421
294	437
294	499
294	586
294	767
294	843
294	981
295	319
295	326
295	352
295	362
295	407
295	434
295	457
295	606
295	617
295	750
295	762
295	768
295	865
295	886
296	340
296	363
296	441
296	446
296	534
296	613
296	681
296	766
296	834
296	944
297	307
297	355
297	465
297	468
297	502
297	559
297	628
297	769
297	774
297	849
297	973
298	344
298	388
298	397
298	460
298	471
298	538
298	555
298	631
298	666
298	858
299	369
299	370
299	414
299	443
299	504
299	547
299	845
299	933
299	987
300	419
300	454
300	467
300	526
300	536
300	563
300	683
300	722
300	836
300	929
301	314
301	478
301	574
301	582
301	611
301	711
301	734
301	848
301	932
302	312
302	317
302	362
302	374
302	409
302	415
302	425
302	500
302	696
302	900
303	329
303	400
303	453
303	475
303	489
303	603
303	648
303	653
303	877
303	970
304	368
304	412
304	426
304	556
304	590
304	613
304	780
304	788
304	839
304	967
305	326
305	347
305	401
305	402
305	575
305	610
305	670
305	717
305	828
305	834
305	894
305	960
305	992
306	423
306	454
306	466
306	513
306	774
306	800
306	838
306	859
306	901
306	920
307	345
307	356
307	375
307	439
307	572
307	676
307	679
307	691
307	968
308	357
308	489
308	546
308	578
308	715
308	893
308	936
308	983
309	321
309	349
309	417
309	422
309	555
309	647
309	666
309	755
309	819
310	325
310	461
310	498
310	640
310	663
310	741
310	754
310	827
310	977
311	341
311	359
311	447
311	473
311	651
311	693
311	695
311	703
311	870
311	933
312	333
312	370
312	415
312	448
312	482
312	831
312	906
312	918
312	924
313	372
313	406
313	416
313	435
313	453
313	538
313	795
313	825
314	354
314	379
314	627
314	685
314	810
314	816
314	825
314	892
314	948
314	950
314	993
315	417
315	435
315	581
315	654
315	678
315	699
315	720
315	735
315	787
315	804
315	949
316	374
316	386
316	425
316	493
316	599
316	689
316	898
316	900
316	956
316	981
317	374
317	381
317	391
317	429
317	641
317	705
317	729
317	802
317	846
317	906
317	981
318	360
318	385
318	497
318	626
318	638
318	733
318	752
319	346
319	431
319	509
319	530
319	682
319	758
319	931
320	332
320	391
320	396
320	430
320	468
320	472
320	499
320	838
320	936
320	985
321	343
321	381
321	396
321	409
321	436
321	464
321	518
321	831
321	903
322	359
322	420
322	468
322	591
322	616
322	618
322	620
322	790
322	838
322	955
323	400
323	444
323	475
323	583
323	653
323	688
323	790
323	880
323	898
324	351
324	371
324	524
324	621
324	659
324	856
324	961
325	330
325	450
325	498
325	702
325	715
325	955
325	984
326	362
326	479
326	483
326	732
326	747
326	886
326	931
326	958
327	383
327	485
327	575
327	614
327	715
327	748
327	912
328	367
328	673
329	400
329	583
329	677
329	688
329	740
329	782
329	800
329	948
330	353
330	427
330	529
330	601
330	613
330	681
330	702
330	742
330	767
330	977
331	627
331	652
331	749
331	765
331	823
331	913
331	999
332	336
332	353
332	358
332	384
332	418
332	420
332	472
332	586
332	644
332	708
332	904
333	370
333	392
333	429
333	482
333	518
333	568
333	641
333	729
334	389
334	502
334	530
334	590
334	630
334	641
334	791
334	822
335	481
335	549
335	760
335	935
335	983
336	347
336	369
336	447
336	764
336	783
336	829
336	845
336	978
337	339
337	427
337	448
337	498
337	568
337	681
337	687
337	861
338	470
338	490
338	504
338	513
338	531
338	615
338	693
338	703
338	772
338	882
338	927
338	954
339	450
339	498
339	628
339	878
339	955
339	977
340	371
340	412
340	446
340	585
340	613
340	778
340	928
340	939
340	998
341	369
341	419
341	506
341	531
341	689
341	775
341	907
341	918
341	943
341	987
342	379
342	491
342	536
342	595
342	685
342	692
342	711
342	720
342	732
342	887
342	893
342	950
342	994
343	564
343	568
343	718
343	794
343	900
343	976
343	981
344	371
344	377
344	388
344	460
344	508
344	549
344	621
344	631
344	656
344	988
345	375
345	389
345	577
345	655
346	471
346	485
347	484
347	629
347	645
347	670
347	719
347	942
347	996
348	434
348	456
348	485
348	533
348	612
348	642
348	707
349	371
349	462
349	471
349	561
349	647
349	660
349	704
349	851
349	858
349	963
350	477
350	481
350	495
350	656
350	660
350	789
350	803
350	844
350	988
351	357
351	377
351	449
351	460
351	479
351	561
351	622
351	640
351	844
351	988
352	588
352	690
352	873
352	883
353	461
353	510
353	754
353	781
353	826
353	861
354	374
354	582
354	595
354	627
354	848
354	874
355	373
355	573
355	597
355	723
355	769
355	822
355	910
356	375
356	424
356	457
356	483
356	662
356	740
356	746
356	791
357	413
357	414
357	511
357	588
357	748
358	505
358	628
358	647
358	698
358	708
358	832
358	980
359	369
359	401
359	443
359	473
359	567
359	651
359	703
359	943
360	367
360	387
360	569
360	630
360	792
361	393
361	585
361	605
361	619
361	661
361	714
361	740
361	869
361	941
362	366
362	395
362	471
362	509
362	606
362	793
363	412
363	446
363	613
363	675
363	723
363	788
363	928
363	995
364	368
364	398
364	405
364	487
364	534
364	545
364	675
364	778
364	872
364	941
364	967
365	390
365	539
365	574
365	852
365	875
365	913
365	950
366	407
366	411
366	431
366	483
366	507
366	550
366	1000
367	626
367	630
367	978
368	378
368	469
368	585
368	618
368	855
368	905
369	443
369	473
369	547
369	987
370	425
370	518
370	565
370	646
370	701
370	722
370	756
370	895
370	993
371	471
371	516
371	571
371	858
371	982
372	538
372	804
372	962
372	970
372	974
373	422
373	471
373	555
373	561
373	621
373	636
373	647
373	840
373	858
373	902
373	935
374	381
374	412
374	557
374	696
374	701
374	854
375	474
375	572
375	797
375	845
375	971
376	401
376	417
376	760
376	795
376	815
376	819
376	834
376	844
377	460
377	747
377	760
377	840
377	982
378	382
378	393
378	439
378	488
378	501
378	619
379	475
379	580
379	582
379	627
379	749
379	847
379	913
379	945
380	413
380	533
380	584
380	810
380	820
381	464
381	537
381	564
381	565
381	894
381	956
382	469
382	672
382	809
382	843
383	401
383	562
383	586
383	664
383	730
383	798
383	897
384	430
384	499
384	593
384	634
384	706
384	736
384	838
384	848
385	387
385	518
385	609
385	658
385	867
386	406
386	415
386	518
386	599
386	657
386	751
386	802
386	835
386	861
387	410
387	441
387	497
387	519
387	818
388	400
388	481
388	549
388	666
388	704
388	760
389	474
389	544
389	587
389	726
390	545
390	574
390	733
390	749
390	779
391	482
391	537
391	554
391	701
391	715
391	718
391	881
391	903
392	415
392	452
392	473
392	493
392	515
392	729
392	815
392	903
393	469
393	525
393	579
393	619
393	697
393	863
394	402
394	455
394	556
394	629
394	679
394	804
394	933
394	992
395	434
395	480
395	606
395	611
395	747
395	762
395	789
395	992
396	472
396	615
396	618
396	683
396	686
396	767
397	438
397	536
397	595
397	648
397	731
397	837
397	874
397	994
398	412
398	619
398	637
398	737
398	897
398	914
398	942
399	454
399	542
399	598
399	602
399	624
399	671
399	934
400	583
400	787
400	821
400	824
400	945
400	958
401	434
401	580
401	664
401	866
401	894
402	424
402	562
402	726
403	420
403	552
403	591
403	616
403	628
403	665
403	708
403	712
403	727
403	790
403	871
404	472
404	591
404	628
404	708
404	832
405	436
405	446
405	483
405	585
405	694
405	697
405	780
405	972
406	429
406	474
406	493
406	641
406	796
406	846
406	881
406	891
407	440
407	459
407	509
407	530
407	550
407	758
408	411
408	413
408	428
408	511
408	593
408	635
408	801
408	912
408	983
408	989
409	415
409	464
409	495
409	518
409	641
409	687
409	846
409	885
410	426
410	432
410	527
410	575
410	615
410	701
411	682
411	701
411	750
411	758
411	768
411	876
412	469
412	525
412	697
413	414
413	588
413	612
413	632
414	625
414	642
414	715
414	801
415	477
415	482
415	660
416	515
416	560
416	743
416	745
416	837
416	956
417	579
417	631
417	659
417	666
418	420
418	449
418	492
418	541
418	589
418	596
418	686
418	807
419	486
419	522
419	920
420	710
420	712
420	916
420	921
421	472
421	505
421	686
421	773
421	807
421	954
421	985
422	621
422	622
422	631
422	659
422	764
422	854
423	576
423	624
423	638
423	824
423	830
423	896
424	439
424	488
424	559
424	590
424	799
424	825
424	849
424	908
424	947
424	973
425	452
425	657
425	738
425	743
425	808
425	885
426	575
426	650
426	792
427	461
427	598
427	681
427	702
427	842
427	956
428	625
428	685
428	731
428	771
428	816
428	892
429	477
429	515
429	756
429	794
429	900
430	557
430	589
430	712
430	736
430	832
431	457
431	530
431	587
431	682
431	732
431	902
432	466
432	892
432	986
433	548
433	605
433	766
433	778
433	869
433	928
434	459
434	479
434	550
434	606
434	824
435	547
435	633
435	649
435	677
435	806
435	821
435	921
436	464
436	515
436	552
436	554
436	729
436	756
436	891
437	499
437	618
437	706
437	708
437	710
437	786
437	843
438	637
438	670
438	892
438	909
439	559
439	650
439	932
440	459
440	509
440	629
440	762
440	768
440	944
440	1000
441	727
441	746
441	818
441	914
442	443
442	447
442	490
442	523
442	721
442	918
443	724
443	933
443	961
444	513
444	566
444	583
444	654
444	678
444	738
444	795
444	849
445	542
445	598
445	761
445	800
446	501
446	766
446	944
447	485
447	496
447	506
447	510
447	669
447	695
447	772
447	937
448	515
448	560
448	565
448	636
449	591
449	594
449	710
450	601
450	663
450	664
450	729
450	827
451	584
451	607
451	681
451	687
451	959
452	657
452	696
452	738
452	817
452	846
452	993
453	502
453	566
453	614
453	782
453	877
454	528
454	644
454	713
455	584
455	696
455	757
455	827
456	491
456	494
456	511
456	593
456	802
457	479
457	728
457	793
458	468
458	730
458	894
458	897
459	479
459	509
459	558
459	965
460	518
460	692
460	858
461	684
461	959
461	977
461	984
462	569
462	691
462	796
462	906
463	549
463	785
463	791
463	814
463	935
464	482
464	537
464	565
464	571
464	712
464	718
464	854
465	502
465	572
465	779
465	797
465	908
466	627
466	650
466	685
466	780
466	948
466	986
467	532
467	683
467	833
467	835
468	492
468	499
468	633
468	708
468	736
469	534
469	613
469	836
469	869
469	872
470	510
470	724
470	776
470	845
470	870
470	919
471	561
471	631
471	844
472	505
472	659
472	710
472	786
472	788
472	832
472	985
473	688
473	721
473	829
473	873
474	514
474	723
474	747
474	791
474	849
474	877
474	971
475	677
475	864
476	487
476	534
476	811
476	905
476	930
476	941
476	993
476	995
477	552
477	564
477	599
477	696
477	794
477	880
478	508
478	539
478	671
479	507
479	747
479	886
480	483
480	558
480	563
480	747
480	931
481	659
481	666
481	683
481	840
481	852
482	599
482	664
483	542
483	931
484	562
484	623
484	667
484	719
484	730
484	888
484	894
485	625
485	644
485	715
485	932
486	624
486	646
486	830
486	931
486	934
487	617
487	619
487	909
487	997
488	551
488	725
488	805
488	813
488	833
488	836
488	915
488	979
489	569
489	612
489	642
489	802
489	883
490	504
490	506
490	553
490	886
490	963
491	494
491	533
491	546
491	583
491	765
492	706
492	739
492	787
493	564
493	718
493	738
494	537
494	588
494	707
494	801
495	636
496	609
496	652
496	685
496	720
496	731
496	811
496	816
496	889
497	519
497	818
497	882
497	953
498	607
498	681
498	907
498	984
499	570
499	706
499	725
500	513
500	645
500	761
500	896
501	525
501	661
501	748
501	766
501	944
502	590
502	663
502	822
503	594
503	670
503	737
503	953
504	510
504	836
504	850
504	927
504	952
505	698
505	712
505	790
506	516
506	798
506	851
506	870
506	918
506	957
507	550
507	555
507	682
507	750
507	772
507	902
508	574
508	733
508	765
508	811
508	948
508	950
509	530
509	596
509	763
509	1000
510	651
510	845
510	954
511	535
511	883
511	940
512	527
512	528
512	576
512	683
512	835
512	920
512	942
513	573
513	761
513	805
513	835
513	889
514	767
514	799
515	518
515	599
515	701
515	815
515	976
516	850
516	907
517	610
517	677
517	709
517	726
517	960
518	560
519	691
519	694
519	869
520	563
520	567
520	624
520	725
520	830
521	541
521	570
521	573
521	596
521	635
521	785
521	836
522	532
522	551
522	661
522	676
522	774
522	800
523	567
523	686
523	689
523	693
523	695
523	783
523	850
523	943
523	957
524	631
524	632
524	652
524	672
524	789
524	804
525	637
525	640
525	697
525	809
526	859
526	873
526	949
526	972
527	575
527	841
528	835
528	969
528	975
529	597
529	714
529	723
529	860
529	884
529	965
530	550
530	886
530	902
531	567
531	899
531	917
531	927
532	813
532	876
532	975
533	613
533	983
534	605
534	930
535	549
535	632
536	582
536	718
536	765
536	874
536	913
537	552
537	654
537	729
537	794
537	854
537	903
537	956
538	688
538	782
538	786
538	806
538	962
539	545
539	668
540	552
540	562
540	839
541	602
541	624
541	635
541	674
541	806
542	646
542	915
542	952
543	627
543	650
543	847
543	913
544	593
544	799
544	822
544	884
544	895
544	973
545	611
545	913
546	625
546	707
546	926
546	971
547	695
547	724
547	783
547	873
548	549
548	555
548	666
548	819
548	961
548	982
549	789
549	844
550	596
550	762
550	794
550	840
551	573
551	598
551	670
551	745
551	805
551	833
552	696
552	770
553	730
553	851
553	856
553	870
553	873
553	937
553	952
554	633
554	770
554	808
554	831
555	579
555	716
555	840
556	639
556	730
557	691
557	739
557	818
558	614
558	631
558	793
558	990
559	655
559	723
559	799
559	899
559	910
559	935
560	701
560	738
560	831
561	564
561	571
561	789
562	667
562	726
563	674
563	889
563	939
564	565
564	599
564	645
564	745
565	796
565	883
566	592
566	604
566	688
566	804
566	821
567	845
567	918
568	640
568	826
568	955
568	959
570	713
570	722
570	800
571	704
571	760
571	781
571	803
571	901
572	590
572	643
572	715
572	887
573	602
573	646
573	812
573	836
574	685
575	691
575	737
575	953
576	596
576	624
576	713
576	759
577	671
577	702
577	720
577	784
577	847
577	848
577	852
578	589
578	633
578	675
578	786
578	832
579	785
580	639
580	828
580	992
581	603
581	604
581	923
583	623
584	601
584	742
584	754
584	946
585	605
585	661
585	839
585	879
586	591
586	644
586	875
587	597
587	643
587	655
587	725
587	783
587	860
587	868
587	947
588	709
588	850
589	628
589	665
589	790
589	838
590	849
590	908
591	712
592	621
592	716
592	945
592	958
593	690
593	748
594	665
594	679
594	710
594	767
594	980
595	760
595	909
595	950
596	768
597	655
597	799
597	910
597	971
598	722
598	812
599	751
599	756
599	815
600	939
601	617
601	924
602	609
602	643
602	876
603	669
603	787
603	921
604	721
604	768
604	923
604	958
605	610
605	944
606	793
606	926
607	681
607	757
607	826
607	984
608	627
608	637
609	777
610	664
610	717
610	828
610	834
610	878
611	816
611	823
611	913
612	646
612	925
612	996
614	623
614	648
614	824
614	877
614	911
614	923
615	773
615	843
615	875
615	904
615	905
616	644
616	888
616	966
616	987
617	645
617	754
617	757
617	781
618	628
618	686
618	773
619	680
619	839
619	942
620	633
620	644
620	690
620	838
621	636
622	764
622	826
622	840
622	856
623	831
623	921
623	970
624	674
624	837
624	876
624	920
625	707
625	809
625	989
626	634
626	914
626	940
626	963
626	980
627	879
628	644
629	805
629	893
630	739
630	742
632	636
632	803
632	856
633	786
633	880
634	684
634	706
635	680
635	934
635	949
636	656
636	866
636	882
637	901
638	683
638	805
638	812
639	664
639	667
640	663
640	861
641	796
641	817
641	881
641	903
642	707
642	820
642	912
643	700
643	791
643	884
643	965
644	843
644	880
647	659
647	961
648	787
648	923
648	958
648	970
649	653
649	688
649	755
649	824
649	898
650	711
650	731
650	733
650	734
652	823
652	874
652	911
652	999
653	947
654	740
654	923
655	662
655	714
655	883
655	976
656	856
656	925
656	951
656	961
657	751
657	884
657	903
660	764
660	796
661	809
661	839
661	863
661	908
661	967
662	694
662	714
662	791
662	917
663	754
663	862
664	996
665	746
665	767
666	961
667	753
668	742
668	776
668	952
668	976
669	718
669	815
669	846
671	734
671	823
671	950
672	780
672	928
672	995
672	998
673	691
673	737
673	741
674	721
674	812
674	823
674	876
675	766
675	916
676	769
676	847
676	868
676	917
676	932
676	977
677	735
678	898
678	974
679	744
679	798
679	890
680	722
680	759
680	896
682	732
682	763
682	793
682	902
682	998
683	774
684	698
685	711
685	784
685	816
686	710
686	841
686	916
687	781
687	826
687	827
687	842
688	824
688	871
688	877
688	945
689	703
689	829
689	978
690	801
692	823
692	994
693	776
693	845
694	822
694	887
694	965
695	724
696	797
697	832
697	864
698	712
698	812
698	875
699	782
699	869
699	877
699	974
699	991
700	847
700	868
700	947
700	968
700	973
703	744
703	851
704	858
704	951
705	827
705	881
705	885
705	887
705	906
706	985
708	880
708	973
709	719
709	888
709	922
710	875
710	916
711	777
711	986
711	999
712	986
713	730
713	800
713	830
713	920
713	990
714	746
714	769
714	860
715	748
716	951
716	988
717	746
717	750
717	939
718	790
719	730
719	828
720	823
720	847
720	852
721	733
721	772
721	851
722	773
723	778
723	803
723	860
723	868
724	743
724	776
724	899
724	954
724	987
725	812
725	889
725	915
727	828
727	964
727	996
728	755
728	785
728	803
728	807
731	734
732	747
732	793
732	1000
733	779
734	778
735	795
735	991
736	773
736	855
736	904
737	924
738	817
738	906
739	841
739	940
740	806
740	825
740	996
741	811
742	872
742	946
743	808
743	831
744	927
744	957
744	963
746	822
747	865
747	931
748	852
749	859
749	969
749	999
751	756
752	865
753	800
754	862
756	782
756	815
757	961
758	763
759	889
759	934
760	785
761	813
761	830
762	768
763	865
765	811
769	899
770	841
770	914
771	847
772	873
772	963
774	805
775	987
776	829
777	852
779	909
779	913
779	986
779	994
780	953
781	813
781	827
782	911
782	923
783	899
784	811
784	848
785	951
786	838
786	966
787	807
787	825
788	998
791	895
792	831
793	974
794	976
795	864
795	945
796	808
796	817
797	857
797	932
799	965
801	945
802	926
802	936
803	840
804	825
805	990
806	825
806	898
807	980
808	822
808	903
808	993
809	869
811	837
811	847
811	994
816	823
819	890
820	983
821	864
821	898
822	991
825	974
827	872
827	927
829	871
830	990
831	891
833	922
833	949
833	970
834	897
835	859
835	929
836	934
836	949
840	988
840	995
842	853
842	908
842	924
842	946
844	967
845	851
845	963
847	999
849	868
849	917
849	971
851	918
851	952
853	919
853	946
854	906
855	944
855	967
857	983
860	887
860	915
861	878
863	994
865	931
866	890
867	999
869	967
869	997
873	937
875	904
875	916
875	972
875	980
877	991
878	924
878	959
879	949
881	958
881	993
882	907
882	978
883	925
883	926
884	887
884	910
884	917
885	930
885	976
889	969
889	985
890	922
892	948
895	973
896	978
899	943
899	987
900	906
900	913
900	956
901	998
904	966
905	997
906	993
907	943
909	943
910	912
910	917
911	991
914	938
915	944
918	978
919	984
920	975
925	936
928	997
930	941
930	967
933	954
937	968
937	978
939	960
945	970
945	991
948	999
949	990
952	957
962	970
965	971
969	990
983	989
