1	5
1	46
1	48
1	52
1	54
1	76
1	85
1	96
1	102
1	113
1	123
1	129
1	137
1	142
1	147
1	151
1	154
1	162
1	170
1	175
1	201
1	279
1	304
1	305
1	326
1	332
1	344
1	358
1	389
1	417
1	429
1	433
1	436
1	462
1	480
1	482
1	509
1	537
1	578
1	610
1	611
1	641
1	645
1	673
1	697
1	737
1	756
1	762
1	768
1	786
2	13
2	19
2	25
2	29
2	32
2	38
2	47
2	54
2	89
2	101
2	143
2	144
2	153
2	157
2	166
2	171
2	186
2	193
2	204
2	233
2	236
2	242
2	246
2	250
2	267
2	281
2	286
2	294
2	295
2	329
2	330
2	346
2	362
2	370
2	396
2	407
2	412
2	448
2	486
2	487
2	505
2	514
2	533
2	564
2	623
2	648
2	697
2	750
2	796
3	6
3	10
3	24
3	45
3	50
3	59
3	60
3	68
3	71
3	83
3	87
3	92
3	97
3	109
3	117
3	119
3	122
3	135
3	139
3	193
3	214
3	238
3	254
3	260
3	263
3	269
3	285
3	337
3	347
3	351
3	355
3	359
3	360
3	363
3	364
3	383
3	389
3	397
3	442
3	451
3	472
3	495
3	544
3	621
3	655
3	661
3	672
3	693
3	764
4	7
4	11
4	12
4	16
4	22
4	33
4	35
4	41
4	53
4	81
4	105
4	115
4	116
4	120
4	131
4	162
4	173
4	216
4	220
4	225
4	245
4	264
4	286
4	352
4	366
4	372
4	375
4	383
4	409
4	419
4	436
4	487
4	541
4	555
4	569
4	581
4	589
4	626
4	646
4	654
4	674
4	685
4	709
4	723
4	751
4	779
4	782
4	795
5	23
5	31
5	49
5	55
5	71
5	89
5	104
5	109
5	130
5	134
5	160
5	166
5	181
5	191
5	209
5	229
5	272
5	294
5	306
5	317
5	323
5	361
5	392
5	395
5	405
5	408
5	467
5	478
5	493
5	515
5	541
5	561
5	573
5	584
5	585
5	596
5	599
5	603
5	671
5	715
5	716
5	722
5	736
5	740
5	754
5	762
5	776
6	8
6	14
6	24
6	45
6	47
6	50
6	59
6	60
6	67
6	70
6	73
6	92
6	128
6	135
6	139
6	149
6	154
6	181
6	212
6	263
6	292
6	306
6	311
6	316
6	337
6	355
6	356
6	383
6	399
6	406
6	445
6	468
6	469
6	513
6	518
6	531
6	565
6	593
6	604
6	658
6	685
6	690
6	694
6	737
6	746
6	748
6	797
7	29
7	31
7	53
7	61
7	66
7	77
7	81
7	93
7	111
7	126
7	148
7	149
7	161
7	183
7	186
7	198
7	200
7	207
7	213
7	234
7	248
7	251
7	300
7	301
7	307
7	326
7	347
7	349
7	351
7	356
7	366
7	368
7	385
7	395
7	413
7	416
7	436
7	499
7	502
7	531
7	620
7	625
7	657
7	665
7	682
7	754
7	767
8	10
8	18
8	38
8	96
8	100
8	104
8	106
8	140
8	146
8	148
8	169
8	182
8	188
8	199
8	204
8	219
8	226
8	227
8	229
8	276
8	283
8	335
8	361
8	394
8	412
8	432
8	447
8	474
8	511
8	529
8	535
8	557
8	567
8	592
8	596
8	612
8	613
8	645
8	651
8	654
8	669
8	698
8	717
8	730
8	793
9	20
9	64
9	65
9	76
9	82
9	94
9	95
9	106
9	117
9	131
9	141
9	147
9	154
9	165
9	174
9	178
9	223
9	230
9	238
9	242
9	314
9	318
9	373
9	382
9	402
9	423
9	459
9	465
9	480
9	481
9	493
9	515
9	534
9	545
9	555
9	558
9	614
9	656
9	674
9	710
9	714
9	735
9	744
9	745
9	757
9	784
10	18
10	26
10	49
10	100
10	104
10	140
10	164
10	169
10	182
10	188
10	189
10	204
10	226
10	227
10	230
10	267
10	268
10	283
10	309
10	328
10	353
10	358
10	410
10	426
10	430
10	463
10	496
10	516
10	535
10	557
10	612
10	614
10	616
10	633
10	635
10	645
10	647
10	669
10	698
10	730
10	734
10	773
10	795
10	799
11	12
11	14
11	22
11	26
11	33
11	35
11	41
11	42
11	83
11	115
11	116
11	120
11	129
11	149
11	150
11	162
11	172
11	173
11	216
11	237
11	241
11	245
11	264
11	276
11	286
11	304
11	307
11	372
11	377
11	385
11	422
11	436
11	447
11	481
11	487
11	536
11	541
11	589
11	590
11	646
11	677
11	685
11	723
11	779
12	14
12	22
12	28
12	33
12	35
12	50
12	53
12	116
12	120
12	150
12	157
12	173
12	212
12	225
12	245
12	259
12	272
12	350
12	372
12	377
12	385
12	419
12	422
12	439
12	479
12	485
12	517
12	555
12	561
12	581
12	588
12	606
12	626
12	630
12	659
12	666
12	677
12	709
12	751
12	788
12	795
12	796
13	15
13	17
13	59
13	62
13	66
13	102
13	111
13	124
13	147
13	168
13	179
13	210
13	238
13	259
13	263
13	270
13	279
13	313
13	315
13	324
13	325
13	367
13	369
13	387
13	393
13	460
13	484
13	502
13	551
13	595
13	600
13	612
13	621
13	622
13	636
13	641
13	649
13	668
13	707
13	720
13	759
13	785
13	794
14	27
14	42
14	45
14	50
14	60
14	67
14	71
14	73
14	92
14	97
14	112
14	113
14	135
14	139
14	164
14	183
14	198
14	214
14	241
14	260
14	274
14	282
14	306
14	325
14	451
14	490
14	522
14	525
14	537
14	552
14	565
14	593
14	597
14	619
14	621
14	658
14	662
14	684
14	693
14	694
14	748
15	17
15	26
15	62
15	94
15	101
15	105
15	117
15	120
15	168
15	194
15	210
15	218
15	222
15	228
15	233
15	241
15	259
15	266
15	293
15	297
15	303
15	313
15	325
15	393
15	395
15	423
15	425
15	461
15	462
15	463
15	483
15	496
15	519
15	520
15	551
15	595
15	660
15	688
15	742
15	759
15	777
15	785
16	21
16	25
16	31
16	32
16	39
16	47
16	54
16	57
16	84
16	122
16	124
16	137
16	147
16	149
16	153
16	157
16	166
16	186
16	187
16	190
16	237
16	250
16	289
16	334
16	379
16	396
16	414
16	420
16	434
16	448
16	469
16	477
16	507
16	533
16	554
16	570
16	576
16	594
16	635
16	726
16	781
16	789
17	51
17	62
17	83
17	112
17	114
17	140
17	142
17	165
17	197
17	202
17	204
17	231
17	233
17	279
17	280
17	325
17	331
17	350
17	369
17	387
17	395
17	403
17	457
17	462
17	484
17	516
17	550
17	559
17	563
17	598
17	615
17	628
17	660
17	678
17	688
17	707
17	714
17	718
17	742
17	777
17	785
18	40
18	49
18	79
18	86
18	100
18	104
18	124
18	140
18	146
18	162
18	169
18	188
18	203
18	208
18	211
18	214
18	226
18	227
18	233
18	268
18	315
18	320
18	335
18	366
18	394
18	411
18	432
18	474
18	528
18	535
18	545
18	567
18	592
18	609
18	612
18	616
18	654
18	700
18	761
18	773
18	793
19	23
19	25
19	26
19	32
19	38
19	57
19	86
19	89
19	114
19	168
19	190
19	205
19	209
19	224
19	246
19	277
19	287
19	298
19	330
19	362
19	453
19	477
19	491
19	498
19	562
19	564
19	568
19	583
19	587
19	594
19	602
19	607
19	613
19	618
19	635
19	657
19	733
19	737
19	750
19	753
19	770
19	778
20	44
20	64
20	65
20	75
20	82
20	90
20	94
20	95
20	100
20	106
20	131
20	132
20	165
20	174
20	177
20	222
20	223
20	230
20	275
20	307
20	314
20	319
20	348
20	373
20	378
20	384
20	452
20	459
20	465
20	515
20	548
20	557
20	558
20	619
20	625
20	656
20	708
20	710
20	733
20	746
20	763
21	31
21	32
21	37
21	42
21	47
21	59
21	72
21	91
21	101
21	104
21	107
21	118
21	127
21	158
21	196
21	205
21	216
21	228
21	249
21	274
21	284
21	292
21	342
21	345
21	380
21	386
21	399
21	407
21	409
21	440
21	442
21	458
21	530
21	562
21	640
21	647
21	663
21	711
21	766
21	771
21	798
22	23
22	27
22	33
22	35
22	41
22	88
22	101
22	116
22	120
22	150
22	174
22	216
22	225
22	233
22	235
22	245
22	264
22	286
22	307
22	338
22	377
22	385
22	409
22	425
22	432
22	445
22	474
22	479
22	536
22	543
22	555
22	581
22	588
22	589
22	590
22	602
22	659
22	741
22	751
23	39
23	49
23	55
23	75
23	93
23	109
23	130
23	134
23	173
23	181
23	209
23	281
23	316
23	317
23	323
23	330
23	352
23	361
23	381
23	405
23	408
23	471
23	498
23	501
23	524
23	533
23	573
23	624
23	638
23	649
23	671
23	680
23	686
23	704
23	712
23	716
23	722
23	732
23	736
24	27
24	34
24	45
24	51
24	60
24	66
24	67
24	68
24	73
24	78
24	87
24	97
24	128
24	134
24	139
24	173
24	193
24	214
24	245
24	269
24	297
24	311
24	323
24	340
24	355
24	360
24	431
24	445
24	489
24	495
24	513
24	525
24	552
24	586
24	621
24	672
24	690
24	739
24	770
24	791
25	26
25	32
25	39
25	54
25	60
25	71
25	89
25	114
25	124
25	149
25	153
25	154
25	157
25	166
25	167
25	190
25	224
25	237
25	242
25	250
25	329
25	342
25	379
25	401
25	412
25	418
25	420
25	431
25	467
25	533
25	571
25	623
25	726
25	742
25	770
25	774
25	790
25	796
26	38
26	54
26	85
26	89
26	124
26	143
26	144
26	149
26	153
26	157
26	171
26	185
26	190
26	242
26	271
26	287
26	324
26	330
26	334
26	392
26	401
26	410
26	414
26	453
26	470
26	477
26	488
26	610
26	634
26	635
26	656
26	657
26	670
26	710
26	755
26	772
27	29
27	31
27	32
27	50
27	59
27	68
27	73
27	92
27	96
27	97
27	125
27	135
27	199
27	214
27	225
27	234
27	260
27	320
27	354
27	364
27	383
27	397
27	406
27	445
27	451
27	455
27	469
27	472
27	552
27	640
27	658
27	690
27	693
27	701
27	737
27	739
27	741
28	34
28	35
28	43
28	44
28	51
28	54
28	61
28	63
28	67
28	70
28	78
28	81
28	88
28	118
28	128
28	176
28	208
28	232
28	257
28	273
28	285
28	291
28	310
28	371
28	430
28	442
28	497
28	575
28	590
28	601
28	619
28	629
28	637
28	686
28	701
28	729
28	783
28	789
28	800
29	44
29	53
29	61
29	66
29	69
29	77
29	84
29	111
29	115
29	121
29	161
29	198
29	200
29	213
29	224
29	251
29	256
29	275
29	300
29	301
29	347
29	356
29	366
29	368
29	390
29	391
29	428
29	443
29	452
29	471
29	531
29	610
29	657
29	665
29	713
29	769
30	46
30	52
30	60
30	76
30	79
30	80
30	85
30	98
30	123
30	129
30	138
30	142
30	147
30	152
30	154
30	180
30	187
30	217
30	222
30	236
30	248
30	288
30	312
30	317
30	326
30	332
30	376
30	389
30	390
30	429
30	469
30	492
30	518
30	578
30	623
30	643
30	660
30	761
30	768
31	37
31	77
31	91
31	101
31	107
31	118
31	127
31	133
31	176
31	177
31	195
31	205
31	211
31	233
31	243
31	249
31	296
31	342
31	343
31	345
31	380
31	425
31	445
31	454
31	527
31	530
31	560
31	644
31	666
31	691
31	722
31	749
31	771
31	774
32	40
32	54
32	55
32	57
32	66
32	128
32	143
32	149
32	153
32	157
32	166
32	171
32	185
32	192
32	237
32	255
32	262
32	334
32	337
32	360
32	401
32	414
32	434
32	439
32	488
32	491
32	533
32	570
32	670
32	725
32	736
32	750
32	772
33	35
33	41
33	100
33	115
33	116
33	120
33	128
33	150
33	161
33	173
33	178
33	225
33	228
33	245
33	264
33	286
33	338
33	368
33	385
33	417
33	419
33	422
33	431
33	436
33	479
33	487
33	588
33	616
33	626
33	659
33	677
33	689
33	736
33	741
34	43
34	44
34	49
34	51
34	70
34	76
34	78
34	88
34	99
34	101
34	143
34	145
34	156
34	159
34	176
34	186
34	192
34	232
34	246
34	285
34	291
34	335
34	367
34	371
34	374
34	428
34	430
34	439
34	475
34	510
34	625
34	639
34	715
34	729
34	780
34	792
35	41
35	92
35	120
35	134
35	150
35	176
35	201
35	216
35	220
35	225
35	254
35	264
35	307
35	338
35	365
35	367
35	372
35	409
35	422
35	436
35	455
35	487
35	517
35	551
35	561
35	581
35	588
35	589
35	666
35	699
35	747
35	788
36	48
36	57
36	69
36	74
36	76
36	84
36	96
36	103
36	106
36	110
36	113
36	123
36	129
36	147
36	162
36	165
36	175
36	258
36	265
36	302
36	344
36	384
36	406
36	417
36	457
36	471
36	484
36	518
36	549
36	563
36	642
36	650
36	729
36	761
36	768
36	769
36	787
37	41
37	42
37	51
37	91
37	101
37	107
37	117
37	118
37	133
37	167
37	196
37	228
37	238
37	243
37	296
37	299
37	321
37	342
37	421
37	464
37	466
37	473
37	506
37	530
37	560
37	612
37	647
37	649
37	655
37	683
37	697
37	707
37	732
37	758
37	766
38	47
38	114
38	143
38	144
38	149
38	166
38	185
38	186
38	203
38	222
38	237
38	259
38	262
38	271
38	298
38	301
38	336
38	362
38	370
38	385
38	394
38	407
38	416
38	491
38	533
38	554
38	564
38	582
38	602
38	635
38	681
38	691
38	772
39	47
39	75
39	82
39	89
39	93
39	94
39	153
39	157
39	186
39	206
39	220
39	247
39	250
39	271
39	289
39	330
39	334
39	346
39	362
39	371
39	398
39	401
39	407
39	414
39	441
39	507
39	599
39	618
39	634
39	635
39	670
39	750
39	755
39	772
40	58
40	62
40	72
40	77
40	80
40	83
40	108
40	119
40	136
40	141
40	177
40	215
40	221
40	239
40	244
40	282
40	285
40	290
40	302
40	327
40	340
40	377
40	405
40	426
40	444
40	512
40	523
40	605
40	627
40	660
40	687
40	695
40	703
40	789
40	791
41	49
41	61
41	91
41	116
41	120
41	150
41	173
41	212
41	216
41	220
41	286
41	338
41	385
41	419
41	443
41	479
41	503
41	516
41	522
41	524
41	541
41	543
41	561
41	566
41	590
41	626
41	659
41	685
41	728
41	741
41	747
42	74
42	101
42	107
42	118
42	158
42	167
42	177
42	195
42	205
42	211
42	225
42	243
42	269
42	284
42	291
42	299
42	326
42	342
42	380
42	386
42	444
42	454
42	458
42	519
42	527
42	530
42	541
42	563
42	640
42	705
42	711
42	758
42	766
43	51
43	63
43	70
43	77
43	78
43	81
43	88
43	94
43	110
43	123
43	128
43	155
43	156
43	159
43	176
43	199
43	234
43	273
43	291
43	322
43	396
43	400
43	476
43	485
43	503
43	510
43	531
43	538
43	559
43	575
43	601
43	728
43	731
43	760
43	792
44	63
44	70
44	81
44	85
44	88
44	97
44	116
44	128
44	155
44	156
44	212
44	237
44	257
44	273
44	285
44	374
44	385
44	400
44	439
44	485
44	503
44	575
44	576
44	584
44	618
44	625
44	676
44	699
44	701
44	731
44	783
44	800
45	60
45	67
45	68
45	73
45	87
45	97
45	109
45	112
45	139
45	144
45	146
45	214
45	253
45	305
45	306
45	340
45	363
45	367
45	417
45	455
45	472
45	490
45	525
45	552
45	597
45	604
45	661
45	675
45	684
45	696
45	739
45	775
46	48
46	52
46	85
46	102
46	103
46	109
46	113
46	122
46	138
46	141
46	151
46	154
46	172
46	203
46	206
46	218
46	305
46	346
46	375
46	389
46	404
46	415
46	437
46	475
46	486
46	547
46	549
46	574
46	642
46	650
46	673
46	674
46	697
46	797
47	114
47	124
47	132
47	137
47	149
47	153
47	171
47	186
47	243
47	246
47	250
47	281
47	303
47	318
47	324
47	329
47	336
47	396
47	410
47	477
47	491
47	498
47	521
47	591
47	690
47	753
47	755
47	787
47	796
48	65
48	69
48	74
48	78
48	84
48	96
48	98
48	108
48	110
48	142
48	192
48	206
48	231
48	236
48	255
48	258
48	276
48	312
48	357
48	365
48	375
48	376
48	422
48	433
48	548
48	610
48	632
48	650
48	679
48	691
48	761
48	787
49	55
49	81
49	109
49	134
49	137
49	160
49	163
49	270
49	272
49	313
49	316
49	323
49	388
49	408
49	527
49	540
49	542
49	555
49	573
49	586
49	596
49	599
49	671
49	680
49	686
49	704
49	722
49	740
49	754
50	59
50	67
50	68
50	71
50	73
50	87
50	96
50	97
50	112
50	116
50	133
50	171
50	177
50	248
50	263
50	300
50	301
50	306
50	337
50	340
50	359
50	431
50	445
50	469
50	472
50	484
50	537
50	597
50	662
50	797
51	63
51	70
51	78
51	81
51	99
51	103
51	192
51	208
51	232
51	257
51	273
51	289
51	356
51	374
51	391
51	392
51	400
51	441
51	442
51	485
51	510
51	532
51	559
51	639
51	645
51	699
51	709
51	740
51	760
52	54
52	69
52	74
52	76
52	79
52	80
52	85
52	138
52	154
52	163
52	180
52	197
52	202
52	203
52	265
52	268
52	305
52	344
52	376
52	398
52	404
52	417
52	437
52	486
52	549
52	563
52	611
52	744
52	765
52	768
52	769
52	795
53	61
53	77
53	96
53	126
53	136
53	161
53	183
53	190
53	207
53	248
53	256
53	325
53	356
53	368
53	390
53	428
53	452
53	471
53	476
53	478
53	502
53	511
53	531
53	647
53	665
53	682
53	706
53	728
53	781
53	799
54	57
54	157
54	165
54	186
54	197
54	237
54	250
54	289
54	329
54	336
54	352
54	396
54	412
54	418
54	420
54	453
54	467
54	470
54	477
54	488
54	511
54	554
54	568
54	682
54	759
54	778
55	66
55	109
55	130
55	134
55	181
55	230
55	306
55	316
55	317
55	339
55	341
55	345
55	361
55	381
55	405
55	435
55	449
55	465
55	515
55	542
55	566
55	573
55	585
55	586
55	686
55	704
55	732
55	740
55	753
55	800
56	58
56	83
56	84
56	91
56	119
56	141
56	184
56	199
56	215
56	244
56	278
56	280
56	282
56	290
56	315
56	339
56	352
56	421
56	424
56	447
56	456
56	497
56	499
56	512
56	529
56	539
56	546
56	601
56	630
56	687
56	692
56	703
56	713
56	733
57	88
57	89
57	157
57	211
57	221
57	237
57	254
57	271
57	277
57	295
57	298
57	303
57	346
57	410
57	427
57	448
57	483
57	488
57	507
57	514
57	521
57	546
57	570
57	607
57	620
57	623
57	741
57	750
57	790
58	70
58	72
58	75
58	93
58	108
58	119
58	136
58	141
58	184
58	239
58	244
58	253
58	270
58	278
58	282
58	289
58	290
58	295
58	330
58	424
58	426
58	456
58	480
58	528
58	553
58	595
58	615
58	627
58	667
58	687
58	695
58	719
59	60
59	71
59	73
59	87
59	92
59	97
59	105
59	120
59	125
59	136
59	139
59	193
59	199
59	211
59	214
59	235
59	256
59	359
59	396
59	397
59	440
59	445
59	487
59	513
59	524
59	681
59	764
59	782
60	68
60	70
60	74
60	94
60	112
60	135
60	199
60	214
60	269
60	292
60	305
60	306
60	340
60	346
60	383
60	451
60	489
60	500
60	552
60	593
60	627
60	651
60	672
60	737
60	748
60	797
61	66
61	77
61	80
61	90
61	93
61	111
61	121
61	126
61	167
61	183
61	198
61	234
61	248
61	256
61	262
61	300
61	357
61	366
61	368
61	384
61	413
61	428
61	502
61	570
61	648
61	649
61	713
61	799
62	92
62	105
62	117
62	122
62	125
62	168
62	233
62	243
62	259
62	266
62	273
62	275
62	277
62	280
62	297
62	324
62	325
62	341
62	350
62	369
62	383
62	457
62	519
62	627
62	641
62	668
62	707
62	720
62	727
63	75
63	78
63	81
63	88
63	115
63	128
63	145
63	153
63	191
63	192
63	208
63	232
63	294
63	310
63	341
63	348
63	391
63	442
63	482
63	488
63	510
63	532
63	576
63	596
63	625
63	729
63	780
63	783
64	65
64	85
64	90
64	94
64	95
64	106
64	131
64	132
64	152
64	178
64	217
64	223
64	348
64	373
64	433
64	451
64	481
64	567
64	571
64	573
64	578
64	579
64	616
64	702
64	708
64	710
64	721
64	752
64	767
65	82
65	90
65	95
65	106
65	119
65	132
65	138
65	152
65	165
65	174
65	193
65	217
65	319
65	378
65	404
65	493
65	504
65	510
65	534
65	548
65	558
65	593
65	617
65	656
65	663
65	708
65	752
66	77
66	111
66	121
66	161
66	167
66	183
66	198
66	200
66	224
66	234
66	248
66	251
66	256
66	281
66	356
66	365
66	366
66	368
66	423
66	428
66	476
66	667
66	767
66	786
67	71
67	73
67	91
67	92
67	125
67	135
67	146
67	193
67	235
67	252
67	321
67	327
67	359
67	364
67	383
67	406
67	432
67	522
67	525
67	537
67	589
67	600
67	652
67	747
67	748
68	87
68	112
68	135
68	139
68	207
68	208
68	260
68	280
68	306
68	354
68	359
68	404
68	414
68	455
68	500
68	524
68	537
68	565
68	593
68	601
68	630
68	661
68	672
68	696
68	790
69	74
69	80
69	84
69	85
69	103
69	104
69	110
69	129
69	137
69	142
69	169
69	194
69	201
69	257
69	258
69	264
69	326
69	357
69	401
69	482
69	488
69	525
69	611
69	673
69	688
69	765
70	81
70	88
70	101
70	110
70	128
70	145
70	159
70	176
70	297
70	318
70	391
70	420
70	475
70	510
70	538
70	559
70	583
70	588
70	629
70	653
70	731
70	783
71	87
71	112
71	168
71	199
71	214
71	260
71	261
71	263
71	269
71	337
71	340
71	364
71	383
71	413
71	449
71	468
71	495
71	526
71	549
71	661
71	672
71	739
71	778
72	75
72	83
72	100
72	108
72	119
72	121
72	141
72	184
72	198
72	239
72	240
72	247
72	253
72	302
72	308
72	311
72	393
72	421
72	428
72	456
72	497
72	509
72	539
72	580
72	584
72	714
72	738
73	92
73	103
73	112
73	125
73	139
73	214
73	231
73	245
73	252
73	332
73	337
73	340
73	456
73	524
73	537
73	544
73	559
73	660
73	662
73	682
73	684
73	696
74	84
74	90
74	98
74	99
74	102
74	129
74	151
74	171
74	180
74	187
74	206
74	257
74	261
74	265
74	326
74	429
74	446
74	464
74	482
74	524
74	572
74	575
74	679
74	765
75	83
75	108
75	119
75	136
75	141
75	184
75	239
75	244
75	247
75	278
75	312
75	327
75	339
75	447
75	456
75	464
75	497
75	568
75	580
75	664
75	695
75	719
75	733
75	748
76	77
76	80
76	96
76	98
76	110
76	129
76	132
76	151
76	154
76	163
76	180
76	187
76	194
76	201
76	245
76	255
76	256
76	344
76	365
76	465
76	608
76	722
76	787
76	794
77	82
77	93
77	111
77	121
77	126
77	148
77	183
77	207
77	251
77	256
77	286
77	362
77	366
77	390
77	419
77	443
77	476
77	502
77	614
77	665
77	667
78	99
78	116
78	120
78	128
78	145
78	155
78	170
78	175
78	191
78	232
78	291
78	310
78	341
78	351
78	371
78	372
78	400
78	454
78	503
78	653
78	676
78	729
78	749
79	84
79	85
79	93
79	96
79	102
79	103
79	137
79	138
79	142
79	151
79	170
79	191
79	206
79	219
79	222
79	265
79	312
79	349
79	357
79	359
79	429
79	433
79	494
79	550
79	639
79	693
79	750
80	94
80	96
80	137
80	147
80	151
80	156
80	175
80	180
80	230
80	261
80	288
80	295
80	326
80	332
80	344
80	429
80	452
80	482
80	486
80	527
80	578
80	583
80	697
80	786
81	82
81	128
81	143
81	145
81	156
81	159
81	176
81	192
81	245
81	285
81	318
81	348
81	360
81	439
81	475
81	485
81	601
81	653
81	664
81	699
81	749
82	94
82	131
82	132
82	152
82	157
82	165
82	174
82	223
82	245
82	249
82	313
82	319
82	320
82	378
82	402
82	459
82	481
82	504
82	508
82	534
82	656
82	723
82	744
83	136
83	184
83	189
83	244
83	247
83	278
83	282
83	302
83	308
83	327
83	421
83	424
83	447
83	464
83	509
83	512
83	520
83	523
83	587
83	606
83	621
83	707
84	85
84	129
84	138
84	175
84	261
84	265
84	288
84	304
84	375
84	415
84	429
84	433
84	503
84	547
84	548
84	558
84	572
84	696
84	703
84	729
84	769
85	96
85	130
85	142
85	147
85	163
85	175
85	187
85	255
85	261
85	265
85	363
85	375
85	415
85	433
85	434
85	518
85	632
85	692
85	786
86	100
86	104
86	122
86	146
86	164
86	169
86	204
86	226
86	287
86	309
86	315
86	317
86	335
86	367
86	426
86	427
86	432
86	463
86	481
86	498
86	529
86	535
86	545
86	614
86	645
86	700
86	730
87	92
87	97
87	111
87	125
87	135
87	159
87	199
87	216
87	267
87	269
87	284
87	292
87	444
87	469
87	489
87	522
87	544
87	639
87	661
87	681
87	781
87	797
88	99
88	108
88	128
88	159
88	192
88	255
88	257
88	273
88	285
88	291
88	318
88	324
88	400
88	446
88	493
88	549
88	629
88	639
88	685
88	728
88	800
89	124
89	171
89	185
89	188
89	209
89	213
89	250
89	262
89	298
89	329
89	418
89	433
89	491
89	498
89	514
89	521
89	533
89	726
89	772
89	781
89	790
89	796
90	105
90	140
90	223
90	271
90	320
90	333
90	373
90	378
90	465
90	481
90	492
90	493
90	504
90	507
90	508
90	548
90	631
90	674
90	675
90	721
90	735
90	745
90	746
90	757
91	118
91	124
91	158
91	195
91	296
91	300
91	321
91	342
91	355
91	380
91	386
91	399
91	424
91	425
91	454
91	466
91	527
91	637
91	644
91	655
91	689
91	711
92	125
92	157
92	187
92	244
92	288
92	311
92	360
92	375
92	397
92	406
92	431
92	469
92	489
92	552
92	580
92	597
92	684
92	748
93	111
93	121
93	148
93	161
93	183
93	198
93	200
93	207
93	213
93	248
93	251
93	390
93	428
93	476
93	477
93	492
93	511
93	531
93	673
93	706
93	724
94	131
94	132
94	142
94	152
94	165
94	174
94	186
94	338
94	382
94	384
94	402
94	443
94	481
94	571
94	675
94	743
94	746
94	752
94	784
95	98
95	106
95	111
95	114
95	131
95	178
95	217
95	230
95	279
95	314
95	319
95	373
95	383
95	400
95	402
95	458
95	459
95	481
95	534
95	548
95	656
95	674
95	703
95	763
96	102
96	110
96	123
96	147
96	162
96	163
96	255
96	265
96	332
96	375
96	389
96	494
96	607
96	659
96	679
96	703
96	786
97	135
97	183
97	214
97	293
97	311
97	337
97	355
97	358
97	379
97	431
97	451
97	455
97	468
97	490
97	500
97	520
97	522
97	621
97	672
98	102
98	113
98	123
98	138
98	147
98	151
98	157
98	194
98	203
98	222
98	236
98	258
98	349
98	386
98	417
98	431
98	433
98	437
98	607
98	641
98	668
98	726
99	145
99	176
99	191
99	192
99	207
99	215
99	285
99	305
99	310
99	318
99	341
99	362
99	374
99	400
99	430
99	561
99	639
99	680
99	728
99	729
99	760
99	792
100	104
100	130
100	203
100	227
100	229
100	271
100	309
100	356
100	394
100	432
100	463
100	509
100	526
100	567
100	577
100	592
100	633
100	643
100	671
100	717
101	107
101	133
101	139
101	167
101	177
101	195
101	299
101	380
101	386
101	399
101	473
101	517
101	579
101	640
101	655
101	683
101	711
101	774
102	103
102	122
102	123
102	154
102	180
102	187
102	189
102	201
102	219
102	222
102	265
102	296
102	389
102	430
102	446
102	482
102	486
102	624
102	650
102	765
103	110
103	117
103	138
103	145
103	154
103	162
103	163
103	172
103	257
103	288
103	305
103	312
103	344
103	523
103	533
103	547
103	563
103	607
103	650
103	771
104	115
104	120
104	140
104	164
104	182
104	203
104	204
104	239
104	315
104	411
104	463
104	472
104	496
104	529
104	631
104	651
104	669
104	698
104	711
105	112
105	179
105	222
105	270
105	279
105	293
105	325
105	350
105	367
105	369
105	387
105	390
105	457
105	461
105	516
105	598
105	641
105	662
105	707
105	720
105	734
105	785
106	131
106	174
106	178
106	217
106	251
106	252
106	319
106	382
106	480
106	493
106	508
106	510
106	535
106	556
106	619
106	708
106	721
106	745
106	763
106	780
107	118
107	120
107	133
107	142
107	167
107	168
107	189
107	196
107	211
107	215
107	228
107	242
107	243
107	249
107	387
107	440
107	466
107	473
107	474
107	527
107	655
107	742
108	119
108	181
108	200
108	215
108	220
108	240
108	244
108	266
108	278
108	282
108	290
108	308
108	385
108	424
108	447
108	500
108	512
108	580
108	627
108	703
108	738
109	130
109	134
109	148
109	179
109	181
109	209
109	323
109	343
109	361
109	376
109	388
109	405
109	428
109	542
109	680
109	686
109	712
109	716
109	736
109	756
110	138
110	142
110	154
110	194
110	212
110	349
110	359
110	364
110	429
110	433
110	437
110	518
110	547
110	572
110	599
110	611
110	632
110	724
111	128
111	148
111	183
111	198
111	208
111	213
111	243
111	356
111	413
111	452
111	476
111	511
111	667
111	694
111	724
111	733
111	799
112	114
112	132
112	214
112	235
112	252
112	263
112	298
112	311
112	345
112	350
112	364
112	431
112	448
112	451
112	500
112	565
112	791
113	123
113	137
113	138
113	147
113	151
113	157
113	206
113	236
113	255
113	258
113	261
113	344
113	486
113	494
113	538
113	547
113	572
113	724
113	769
113	783
113	787
114	124
114	149
114	157
114	166
114	223
114	227
114	246
114	295
114	298
114	303
114	362
114	407
114	434
114	470
114	498
114	505
114	570
114	618
114	778
115	120
115	123
115	150
115	173
115	225
115	258
115	264
115	277
115	286
115	307
115	323
115	372
115	479
115	536
115	555
115	569
115	589
115	626
115	779
115	788
116	120
116	212
116	218
116	310
116	382
116	409
116	420
116	422
116	436
116	487
116	543
116	555
116	569
116	611
116	677
116	779
116	788
117	139
117	197
117	199
117	210
117	218
117	233
117	240
117	250
117	254
117	293
117	324
117	393
117	423
117	457
117	550
117	622
117	636
117	641
117	678
118	167
118	189
118	205
118	208
118	229
118	249
118	297
118	299
118	321
118	342
118	362
118	372
118	386
118	506
118	603
118	640
118	652
118	705
119	215
119	239
119	242
119	244
119	247
119	253
119	258
119	274
119	302
119	308
119	352
119	374
119	403
119	497
119	512
119	539
119	753
120	150
120	216
120	256
120	294
120	371
120	419
120	561
120	569
120	630
120	709
120	795
121	126
121	148
121	183
121	198
121	200
121	234
121	250
121	300
121	347
121	363
121	366
121	368
121	403
121	471
121	544
121	620
121	641
121	648
121	767
122	136
122	179
122	266
122	275
122	279
122	280
122	387
122	393
122	456
122	460
122	461
122	462
122	520
122	600
122	609
122	619
122	707
122	727
122	794
123	129
123	154
123	163
123	194
123	219
123	255
123	275
123	305
123	312
123	339
123	375
123	404
123	412
123	437
123	611
123	688
124	137
124	151
124	214
124	231
124	246
124	262
124	271
124	289
124	295
124	322
124	346
124	441
124	554
124	644
124	775
124	781
125	145
125	199
125	201
125	355
125	359
125	360
125	406
125	431
125	455
125	468
125	495
125	500
125	537
125	622
125	637
125	643
125	684
126	148
126	161
126	173
126	180
126	207
126	234
126	251
126	256
126	300
126	325
126	347
126	349
126	366
126	511
126	512
126	554
126	682
126	751
126	767
127	133
127	151
127	167
127	189
127	195
127	205
127	256
127	298
127	299
127	342
127	343
127	371
127	380
127	419
127	467
127	513
127	527
127	579
127	644
127	683
127	705
127	798
128	232
128	270
128	291
128	318
128	329
128	439
128	450
128	532
128	701
128	780
128	800
129	134
129	137
129	206
129	212
129	223
129	255
129	257
129	357
129	360
129	365
129	547
129	549
129	607
129	608
129	704
130	134
130	166
130	209
130	251
130	294
130	381
130	398
130	405
130	408
130	420
130	449
130	566
130	586
130	605
130	624
130	638
130	747
130	756
131	144
131	152
131	196
131	230
131	314
131	319
131	320
131	407
131	469
131	480
131	543
131	552
131	558
131	571
131	757
131	784
132	152
132	178
132	202
132	217
132	333
132	373
132	402
132	522
132	584
132	619
132	656
132	721
132	735
132	744
132	752
132	784
133	142
133	158
133	177
133	194
133	195
133	228
133	263
133	296
133	321
133	342
133	425
133	527
133	550
133	560
133	562
133	647
133	659
133	774
134	143
134	317
134	326
134	381
134	388
134	435
134	440
134	490
134	501
134	540
134	599
134	603
134	624
134	671
134	686
135	146
135	169
135	179
135	190
135	199
135	241
135	252
135	263
135	305
135	497
135	513
135	552
135	748
135	757
135	782
136	141
136	153
136	221
136	240
136	279
136	302
136	330
136	340
136	398
136	421
136	424
136	539
136	553
136	605
136	692
136	719
136	733
137	142
137	151
137	154
137	261
137	280
137	288
137	304
137	324
137	494
137	547
137	578
137	679
137	698
137	786
138	162
138	170
138	180
138	206
138	215
138	219
138	258
138	289
138	299
138	349
138	454
138	492
138	494
138	572
139	154
139	199
139	235
139	252
139	306
139	337
139	381
139	396
139	397
139	513
139	514
139	672
139	684
139	770
140	141
140	146
140	164
140	188
140	268
140	274
140	294
140	296
140	358
140	394
140	438
140	461
140	508
140	528
140	613
140	631
140	633
140	654
141	152
141	179
141	184
141	200
141	221
141	239
141	282
141	290
141	426
141	444
141	539
141	587
141	646
141	692
141	738
142	154
142	194
142	258
142	304
142	332
142	382
142	543
142	563
142	569
142	578
142	608
142	675
143	153
143	166
143	185
143	287
143	303
143	330
143	346
143	379
143	491
143	492
143	568
143	577
143	591
143	721
143	726
143	731
144	157
144	166
144	171
144	242
144	363
144	379
144	394
144	407
144	505
144	514
144	546
144	570
144	574
144	592
144	602
144	725
144	772
144	778
145	155
145	159
145	192
145	273
145	315
145	424
145	442
145	448
145	450
145	532
145	576
145	625
145	639
145	777
145	780
146	169
146	188
146	203
146	221
146	227
146	229
146	274
146	328
146	453
146	463
146	474
146	545
146	616
146	625
146	651
146	666
147	170
147	194
147	209
147	219
147	265
147	376
147	380
147	415
147	611
147	628
147	642
147	667
148	198
148	200
148	207
148	248
148	256
148	301
148	372
148	413
148	443
148	459
148	473
148	519
148	608
148	667
148	706
149	171
149	173
149	237
149	246
149	289
149	333
149	379
149	412
149	413
149	521
149	691
149	753
149	790
150	218
150	220
150	225
150	245
150	286
150	314
150	351
150	375
150	377
150	436
150	500
150	517
150	630
150	713
150	751
151	175
151	261
151	295
151	304
151	332
151	376
151	429
151	492
151	582
151	610
151	647
151	765
152	174
152	223
152	279
152	320
152	382
152	492
152	507
152	529
152	534
152	619
152	674
152	710
152	735
152	745
152	764
153	171
153	185
153	271
153	289
153	295
153	320
153	362
153	377
153	439
153	453
153	521
153	618
153	653
154	170
154	236
154	376
154	392
154	393
154	404
154	455
154	486
155	159
155	166
155	178
155	208
155	244
155	247
155	257
155	310
155	341
155	354
155	374
155	391
155	511
155	532
155	575
155	576
155	615
155	760
155	780
156	176
156	191
156	203
156	250
156	273
156	318
156	400
156	430
156	503
156	510
156	538
156	567
156	575
156	576
156	605
156	625
156	659
156	731
157	161
157	185
157	303
157	512
157	577
157	582
157	594
157	796
158	177
158	211
158	243
158	296
158	345
158	386
158	405
158	424
158	465
158	466
158	485
158	506
158	542
158	562
158	633
158	646
158	683
158	689
158	711
159	176
159	180
159	191
159	273
159	275
159	285
159	341
159	394
159	430
159	586
159	600
159	639
159	653
159	698
159	729
160	181
160	209
160	251
160	398
160	405
160	435
160	449
160	452
160	478
160	501
160	515
160	531
160	550
160	585
160	649
160	701
160	704
160	712
160	740
160	744
160	759
161	213
161	220
161	248
161	256
161	347
161	353
161	356
161	390
161	416
161	424
161	443
161	452
161	648
161	716
162	163
162	172
162	187
162	255
162	261
162	288
162	437
162	549
162	608
162	632
162	642
162	715
162	717
162	768
163	171
163	172
163	182
163	187
163	201
163	349
163	357
163	365
163	375
163	446
163	487
163	642
163	673
163	786
164	283
164	309
164	328
164	368
164	369
164	427
164	468
164	495
164	528
164	529
164	535
164	633
164	695
164	698
164	700
164	730
164	776
165	195
165	217
165	223
165	230
165	313
165	319
165	333
165	401
165	480
165	675
165	682
165	721
165	735
165	784
166	180
166	250
166	289
166	322
166	334
166	410
166	448
166	514
166	537
166	591
166	626
167	177
167	195
167	196
167	211
167	228
167	249
167	296
167	343
167	552
167	560
167	562
167	652
167	698
168	233
168	239
168	280
168	331
168	391
168	403
168	426
168	462
168	474
168	496
168	516
168	551
168	600
168	622
168	668
168	794
169	182
169	188
169	203
169	204
169	274
169	276
169	283
169	308
169	325
169	493
169	560
169	595
169	631
169	651
169	773
170	227
170	236
170	255
170	288
170	304
170	312
170	326
170	344
170	376
170	418
170	549
170	573
170	574
170	597
170	613
170	765
171	250
171	265
171	281
171	298
171	467
171	483
171	507
171	596
171	670
171	727
171	790
172	175
172	187
172	217
172	218
172	288
172	335
172	370
172	376
172	417
172	482
172	492
172	574
172	611
172	721
172	768
172	786
173	216
173	220
173	286
173	338
173	356
173	367
173	422
173	487
173	561
173	709
173	751
174	223
174	378
174	384
174	453
174	465
174	480
174	526
174	613
174	675
174	700
174	714
174	726
174	746
175	183
175	222
175	261
175	265
175	288
175	344
175	349
175	357
175	524
175	610
175	662
175	743
175	787
176	273
176	341
176	442
176	450
176	485
176	499
176	559
176	664
176	669
176	676
176	728
177	189
177	211
177	228
177	243
177	321
177	345
177	458
177	467
177	473
177	605
177	721
177	771
178	230
178	320
178	336
178	375
178	411
178	459
178	493
178	508
178	548
178	627
178	674
178	721
178	746
178	784
179	202
179	238
179	242
179	259
179	324
179	387
179	430
179	491
179	628
179	636
179	660
179	718
179	720
179	731
179	777
180	194
180	226
180	249
180	404
180	446
180	491
180	492
180	572
180	574
180	679
180	765
181	272
181	316
181	323
181	388
181	398
181	435
181	450
181	515
181	530
181	540
181	586
181	657
181	756
181	762
182	202
182	204
182	240
182	246
182	267
182	268
182	283
182	315
182	328
182	358
182	528
182	545
182	616
182	645
182	773
182	788
183	234
183	239
183	356
183	368
183	416
183	556
183	637
183	648
183	713
183	767
184	215
184	228
184	247
184	278
184	288
184	339
184	377
184	421
184	444
184	512
184	527
184	553
184	695
184	720
184	789
185	262
185	277
185	300
185	303
185	329
185	336
185	379
185	384
185	397
185	498
185	506
185	670
185	691
185	781
186	228
186	303
186	322
186	362
186	477
186	505
186	557
186	582
186	588
186	634
186	755
186	756
187	189
187	201
187	305
187	415
187	444
187	486
187	492
187	521
187	610
187	673
187	684
188	203
188	204
188	244
188	276
188	321
188	328
188	353
188	358
188	474
188	631
188	706
188	734
188	749
188	794
189	196
189	203
189	243
189	343
189	345
189	380
189	440
189	473
189	637
189	652
189	673
189	735
189	771
190	262
190	282
190	322
190	346
190	420
190	467
190	483
190	514
190	532
190	554
190	564
190	730
190	772
190	778
191	208
191	257
191	261
191	310
191	321
191	361
191	397
191	475
191	559
191	576
191	625
191	676
191	800
192	264
192	278
192	310
192	318
192	374
192	391
192	450
192	475
192	525
192	532
192	670
193	354
193	359
193	451
193	455
193	461
193	472
193	525
193	537
193	539
193	591
193	737
193	745
193	764
193	782
194	219
194	225
194	234
194	305
194	326
194	332
194	337
194	357
194	365
194	518
195	210
195	211
195	228
195	284
195	466
195	557
195	558
195	586
195	640
195	663
195	683
195	758
196	205
196	214
196	228
196	248
196	380
196	399
196	466
196	476
196	582
196	588
196	637
196	683
196	705
196	758
197	218
197	266
197	270
197	272
197	280
197	325
197	350
197	442
197	501
197	516
197	519
197	520
197	569
197	598
197	609
197	678
198	234
198	249
198	251
198	299
198	300
198	301
198	425
198	443
198	682
198	780
199	363
199	451
199	469
199	472
199	486
199	490
199	544
199	732
200	224
200	294
200	300
200	340
200	347
200	356
200	368
200	416
200	443
200	682
200	688
200	743
201	234
201	261
201	262
201	312
201	332
201	401
201	404
201	433
201	437
201	486
201	607
201	679
202	238
202	241
202	254
202	259
202	293
202	367
202	387
202	395
202	516
202	595
202	598
202	650
202	678
202	687
202	783
203	226
203	274
203	315
203	394
203	432
203	614
203	633
203	654
204	229
204	291
204	411
204	528
204	539
204	567
204	614
204	698
204	717
204	762
204	785
205	236
205	242
205	249
205	342
205	386
205	388
205	458
205	466
205	512
205	647
205	689
205	765
205	798
206	236
206	255
206	261
206	389
206	459
206	548
206	563
206	572
206	671
206	697
206	719
206	792
207	220
207	224
207	234
207	239
207	248
207	256
207	264
207	416
207	452
207	471
207	534
207	648
208	232
208	259
208	430
208	439
208	442
208	450
208	629
208	631
208	701
208	749
209	272
209	294
209	361
209	501
209	668
209	671
209	676
209	712
209	732
209	740
209	776
210	218
210	254
210	266
210	279
210	291
210	325
210	423
210	457
210	520
210	528
210	550
210	615
210	622
210	660
210	792
211	296
211	342
211	425
211	429
211	440
211	454
211	527
211	634
211	766
212	216
212	220
212	241
212	245
212	252
212	307
212	422
212	543
212	555
212	677
212	723
212	747
213	224
213	234
213	248
213	267
213	328
213	347
213	351
213	378
213	413
213	443
213	471
213	667
213	767
214	235
214	353
214	500
214	739
214	779
215	290
215	352
215	421
215	435
215	464
215	497
215	584
215	615
215	669
215	692
215	719
216	302
216	470
216	479
216	581
216	590
216	629
216	639
216	677
216	788
217	223
217	301
217	333
217	384
217	504
217	508
217	521
217	556
217	579
217	760
217	763
218	238
218	270
218	275
218	280
218	297
218	308
218	367
218	369
218	484
218	609
218	789
219	222
219	258
219	332
219	344
219	389
219	418
219	437
219	446
219	498
219	644
219	650
219	761
220	225
220	286
220	372
220	377
220	400
220	541
220	589
220	630
220	751
221	240
221	244
221	247
221	253
221	308
221	327
221	339
221	456
221	513
221	580
221	606
221	615
221	681
221	797
222	260
222	365
222	389
222	482
222	502
222	563
222	607
222	768
222	787
223	224
223	330
223	348
223	382
223	504
223	688
223	757
223	791
224	251
224	301
224	351
224	356
224	427
224	476
224	488
224	511
224	531
224	706
224	799
225	264
225	307
225	342
225	543
225	588
225	626
225	677
225	695
226	268
226	283
226	315
226	318
226	358
226	377
226	535
226	536
226	592
226	616
226	643
226	669
226	696
227	274
227	276
227	309
227	358
227	400
227	466
227	631
227	643
227	645
227	758
227	793
228	243
228	286
228	562
228	579
228	663
228	683
229	267
229	276
229	328
229	335
229	343
229	353
229	358
229	370
229	463
229	526
229	557
229	590
230	314
230	319
230	348
230	382
230	490
230	571
230	599
230	669
230	743
231	254
231	266
231	284
231	324
231	325
231	350
231	369
231	395
231	441
231	496
231	551
231	636
231	678
231	742
232	291
232	374
232	411
232	415
232	475
232	577
232	636
232	699
232	728
232	763
232	769
233	275
233	393
233	595
233	617
233	622
233	641
233	727
233	744
233	759
234	300
234	471
234	502
234	514
234	799
235	298
235	359
235	363
235	364
235	382
235	455
235	490
235	522
235	565
235	597
235	722
235	753
236	258
236	304
236	375
236	376
236	415
236	417
236	445
236	547
236	575
237	242
237	285
237	322
237	387
237	396
237	441
237	602
237	635
237	777
238	288
238	293
238	324
238	325
238	331
238	367
238	395
238	496
238	617
238	718
238	759
239	247
239	253
239	290
239	327
239	369
239	523
239	565
239	695
240	247
240	253
240	290
240	308
240	339
240	352
240	448
240	468
240	584
240	606
240	703
240	733
241	244
241	266
241	275
241	280
241	297
241	367
241	598
241	622
241	628
241	636
241	727
241	759
242	281
242	303
242	329
242	330
242	334
242	408
242	577
242	670
243	299
243	425
243	458
243	513
243	516
243	644
243	776
244	247
244	282
244	290
244	302
244	308
244	530
245	264
245	377
245	685
245	709
245	738
245	741
246	281
246	289
246	330
246	336
246	410
246	465
246	470
246	502
246	623
246	667
247	327
247	339
247	446
247	523
247	606
247	627
247	680
248	249
248	278
248	300
248	368
248	471
248	562
249	345
249	399
249	440
249	454
249	533
249	579
249	652
249	705
250	258
250	379
250	442
250	488
250	546
250	582
251	256
251	263
251	301
251	351
251	390
251	481
251	667
252	311
252	359
252	364
252	426
252	524
252	564
252	655
252	658
252	661
252	662
252	681
253	278
253	290
253	313
253	352
253	424
253	484
253	499
253	507
253	551
253	587
253	738
254	259
254	275
254	279
254	331
254	551
254	622
254	632
254	656
254	711
254	718
254	720
255	291
255	482
255	494
255	574
255	577
255	578
256	390
256	413
256	594
256	620
257	310
257	400
257	430
257	439
257	474
257	485
257	785
257	792
258	295
258	305
258	326
258	458
258	632
259	331
259	395
259	454
259	461
259	519
259	560
259	622
259	678
260	263
260	290
260	292
260	321
260	360
260	397
260	460
260	468
260	500
260	553
260	604
261	271
261	354
261	415
261	611
262	281
262	287
262	346
262	410
262	441
262	470
262	491
262	770
262	778
263	269
263	371
263	404
263	490
263	537
263	604
263	696
264	307
264	331
264	536
264	541
264	589
264	747
265	302
265	421
265	433
265	604
265	761
265	776
266	270
266	283
266	324
266	532
266	600
266	609
266	617
266	629
266	688
267	276
267	335
267	358
267	450
267	526
267	545
267	567
267	651
267	684
267	717
267	730
268	274
268	310
268	315
268	411
268	517
268	553
268	613
268	614
268	700
268	705
268	773
269	319
269	360
269	455
269	490
269	525
269	552
269	576
269	597
269	658
269	797
270	275
270	280
270	331
270	369
270	403
270	636
270	668
270	699
270	714
271	322
271	334
271	336
271	412
271	467
271	470
271	633
271	770
272	323
272	390
272	435
272	470
272	478
272	622
272	624
272	638
272	671
272	712
272	732
273	339
273	371
273	430
273	457
273	559
273	639
273	654
274	376
274	427
274	529
274	557
274	626
274	654
274	698
274	773
275	297
275	367
275	462
275	496
275	617
275	767
276	328
276	344
276	432
276	474
276	545
276	557
276	613
276	717
276	766
277	364
277	467
277	477
277	479
277	483
277	535
277	577
277	583
277	594
277	725
277	775
277	795
278	302
278	327
278	373
278	418
278	499
278	584
278	642
278	789
279	350
279	393
279	403
279	461
279	484
279	777
279	785
280	293
280	331
280	387
280	520
280	544
280	785
281	330
281	370
281	379
281	381
281	483
281	564
281	570
281	790
281	799
282	302
282	310
282	327
282	395
282	499
282	523
282	539
282	605
283	315
283	328
283	353
283	422
283	478
283	509
283	654
283	717
283	730
283	779
284	296
284	343
284	380
284	383
284	562
284	585
284	637
284	655
284	663
284	689
284	750
284	771
285	303
285	341
285	374
285	538
285	575
285	582
285	601
286	369
286	419
286	528
286	741
286	795
287	295
287	318
287	360
287	379
287	410
287	434
287	488
287	546
287	554
287	581
287	618
287	770
288	305
288	604
288	607
288	632
288	712
289	295
289	344
289	362
289	412
289	434
289	546
290	327
290	344
290	444
290	512
290	536
291	391
291	439
291	491
291	559
291	749
292	304
292	306
292	355
292	451
292	495
292	500
292	591
292	672
292	681
292	751
292	764
293	387
293	394
293	441
293	456
293	457
293	460
293	519
293	735
293	794
294	388
294	398
294	542
294	566
294	596
294	671
294	712
294	716
295	340
295	379
295	410
295	453
295	583
296	345
296	466
296	568
296	644
296	712
296	774
297	313
297	403
297	477
297	609
297	628
297	668
297	742
297	785
298	312
298	346
298	448
298	505
298	568
298	602
298	750
299	322
299	343
299	421
299	458
299	530
299	663
299	689
299	705
300	351
300	471
300	598
300	665
301	413
301	428
301	452
301	496
301	628
301	648
301	767
302	306
302	339
302	346
302	499
302	733
303	331
303	410
303	491
303	498
303	515
303	691
304	312
304	332
304	349
304	417
304	640
304	734
304	761
305	332
305	409
305	697
306	360
306	418
306	469
306	552
306	751
307	479
307	540
307	569
307	589
307	590
307	659
307	779
308	339
308	376
308	499
308	556
308	710
308	738
308	789
309	315
309	358
309	438
309	528
309	530
309	555
309	652
309	685
309	698
309	700
309	798
310	442
310	538
310	549
310	636
310	792
311	331
311	361
311	445
311	468
311	504
311	564
311	597
311	661
311	694
312	374
312	429
312	608
312	618
312	650
312	746
313	393
313	403
313	457
313	460
313	461
313	484
313	594
313	660
313	720
314	328
314	384
314	402
314	504
314	534
314	556
314	675
314	687
314	689
314	752
315	348
315	463
315	529
315	592
316	361
316	380
316	381
316	408
316	435
316	468
316	540
316	585
316	596
316	709
316	720
317	388
317	392
317	398
317	501
317	573
317	669
317	677
317	680
317	754
317	766
318	371
318	450
318	629
318	702
318	749
319	320
319	348
319	371
319	437
319	672
319	674
319	744
320	333
320	558
320	571
320	593
320	675
320	702
320	710
321	355
321	386
321	399
321	506
321	683
321	689
321	705
322	330
322	348
322	407
322	414
322	577
322	591
322	657
322	726
323	332
323	341
323	398
323	478
323	638
323	736
323	756
323	762
324	393
324	462
324	496
324	550
324	600
325	460
325	617
325	794
326	429
326	518
326	642
326	704
326	786
327	379
327	421
327	447
327	512
327	703
327	738
328	335
328	411
328	466
328	528
328	700
328	793
329	441
329	485
329	505
329	540
329	564
329	657
329	690
329	781
330	507
330	533
330	608
331	374
331	451
331	461
331	516
331	519
331	595
332	482
332	612
332	638
333	378
333	407
333	467
333	581
333	591
333	708
333	714
333	744
333	757
333	763
334	346
334	364
334	418
334	460
334	523
334	568
334	587
334	691
334	768
335	438
335	473
335	535
335	611
335	614
335	651
335	793
335	796
336	396
336	420
336	502
336	504
336	514
336	591
336	623
336	632
336	726
337	383
337	472
337	523
337	543
337	595
337	661
337	693
338	355
338	440
338	453
338	561
338	569
338	581
338	642
338	646
338	659
339	497
339	499
339	523
339	780
340	354
340	355
340	455
340	544
340	696
341	400
341	450
341	538
341	576
341	677
342	448
342	540
342	599
343	386
343	458
343	500
343	560
343	663
343	711
343	798
344	417
344	765
345	380
345	454
345	506
345	525
345	579
345	740
346	657
346	706
346	775
347	428
347	443
347	456
347	511
347	580
347	603
347	724
348	378
348	384
348	402
348	556
348	675
348	708
349	357
349	365
349	433
349	484
349	518
349	598
350	395
350	484
350	579
350	598
350	617
350	636
350	710
351	366
351	511
351	537
351	556
351	620
351	648
351	724
352	373
352	440
352	456
352	523
352	692
352	695
352	719
353	394
353	427
353	463
353	509
353	557
353	651
353	692
353	734
353	798
354	364
354	409
354	469
354	593
354	597
354	604
354	673
354	737
354	791
355	370
355	500
355	522
355	565
355	694
356	531
356	773
357	415
357	418
357	446
357	518
357	572
357	752
358	435
358	509
358	567
358	598
359	423
359	451
359	597
359	739
360	446
360	489
360	662
360	696
361	388
361	449
361	478
361	599
361	635
361	776
362	407
362	594
362	618
362	775
363	397
363	409
363	431
363	472
363	522
363	565
363	693
363	717
364	408
364	472
364	604
364	748
365	404
365	482
365	494
365	563
365	608
365	793
366	390
366	416
366	428
366	447
366	621
367	403
367	600
367	609
368	416
368	511
368	658
368	664
369	393
369	403
369	423
369	777
369	791
370	410
370	418
370	453
370	486
370	568
370	618
370	623
370	753
370	755
371	442
371	538
371	575
371	576
371	760
372	409
372	422
372	625
372	666
372	692
372	795
373	391
373	403
373	493
373	508
373	619
373	752
373	757
374	485
374	658
374	676
374	728
375	642
375	755
375	769
376	494
376	553
376	610
377	385
377	409
377	685
377	735
377	741
378	402
378	431
378	493
378	564
378	571
378	727
378	784
379	483
379	498
379	725
380	488
380	503
380	774
381	392
381	461
381	478
381	534
381	585
381	707
381	736
382	480
382	556
382	558
382	702
382	760
383	445
383	681
383	766
384	481
384	550
384	556
384	558
384	675
385	422
385	479
385	590
385	754
386	483
386	560
386	694
386	798
387	460
387	557
387	572
387	775
388	449
388	451
388	476
388	553
388	573
388	624
389	438
389	446
389	728
389	761
389	773
390	427
390	428
390	471
391	503
391	526
391	629
391	639
391	676
392	405
392	435
392	449
392	501
392	540
392	573
392	574
392	671
393	411
393	658
393	742
394	411
394	427
394	474
394	526
395	460
395	582
395	688
395	794
396	488
396	505
396	514
396	533
396	587
397	432
397	506
397	525
397	739
397	791
398	566
398	603
398	715
398	754
398	776
399	466
399	501
399	562
399	616
399	652
399	663
399	778
400	442
400	764
401	412
401	441
401	453
401	491
401	507
401	635
401	749
402	428
402	459
402	464
402	606
402	679
402	745
403	460
403	752
403	794
404	446
404	486
404	570
404	650
405	525
405	632
405	671
405	716
405	776
406	439
406	469
406	522
406	524
406	544
406	565
406	737
406	768
407	441
407	470
407	582
407	623
408	438
408	478
408	515
408	649
408	656
408	722
408	732
409	419
409	436
409	541
409	630
410	589
410	631
410	753
411	474
411	528
411	631
411	654
411	762
412	415
412	418
412	462
412	691
412	774
413	450
413	452
413	502
413	546
413	682
414	420
414	443
414	483
414	507
414	583
414	603
414	657
414	796
415	492
415	623
415	632
415	756
416	438
416	452
416	476
416	489
416	571
416	724
417	462
417	554
417	645
417	650
418	582
418	634
418	725
419	508
419	517
419	590
419	591
419	666
420	547
420	602
420	670
420	691
420	778
421	464
421	520
421	687
421	733
422	569
422	614
422	788
423	496
423	575
423	628
423	641
423	707
423	718
423	727
424	447
424	605
424	687
424	692
425	454
425	458
425	473
425	637
425	640
425	763
426	444
426	447
426	580
426	605
426	615
426	738
426	789
427	474
427	592
427	645
427	717
427	726
427	773
428	452
429	523
429	536
429	563
430	532
430	535
430	625
431	468
431	530
431	681
432	509
432	526
432	633
432	645
432	740
433	574
433	748
434	542
434	568
434	570
434	709
434	741
434	775
434	781
435	595
435	649
435	680
435	731
436	540
436	561
436	685
436	747
437	608
437	648
437	690
437	787
438	474
438	483
438	592
438	614
438	643
438	664
438	669
439	749
439	800
440	473
440	506
440	637
440	689
441	448
441	591
441	796
443	620
443	738
444	447
444	456
444	497
444	771
444	789
445	662
445	690
445	782
446	565
446	769
447	523
447	769
448	521
448	564
448	602
449	576
449	624
449	716
449	754
449	755
449	788
450	475
450	494
450	783
452	620
453	483
453	635
453	778
454	506
454	665
454	689
455	541
455	690
456	464
456	512
457	628
457	636
457	718
457	743
458	527
458	644
458	771
459	465
459	481
459	633
459	784
459	798
460	475
460	520
460	551
461	484
461	606
461	785
462	549
462	550
462	598
462	678
463	548
463	571
463	592
463	616
464	497
464	499
464	587
464	784
464	789
465	508
465	708
465	714
465	745
466	637
466	653
467	568
467	583
467	781
468	513
468	693
468	696
469	593
470	507
470	560
470	753
470	781
471	559
471	648
472	617
472	725
472	761
473	560
473	655
473	663
473	712
475	489
475	503
475	538
475	663
476	477
476	724
476	799
477	583
477	635
477	651
478	596
478	603
478	630
478	715
479	495
479	646
479	677
479	779
480	508
480	619
480	735
480	745
480	746
481	493
481	605
482	593
482	594
483	558
483	634
484	660
484	718
485	653
485	699
485	760
486	654
487	588
487	626
487	646
487	693
488	577
488	775
489	495
489	546
489	565
489	621
489	658
489	690
490	495
490	544
490	622
490	739
491	691
492	549
492	673
493	539
493	675
494	549
494	562
494	624
494	655
495	614
495	683
495	696
495	764
496	516
496	641
496	707
497	499
497	558
497	703
498	506
498	554
498	602
499	687
499	739
500	700
501	577
501	649
501	678
501	715
502	706
502	713
503	629
503	672
503	792
504	531
504	539
504	735
504	746
505	572
505	580
505	594
505	670
505	794
506	530
506	652
507	623
508	578
508	743
509	643
509	664
509	669
509	730
510	676
510	694
510	729
510	760
511	682
513	544
513	589
513	604
514	546
514	554
515	542
515	599
515	649
515	715
516	660
516	727
517	543
517	555
517	666
517	723
517	734
517	795
518	572
518	607
518	660
519	550
519	720
519	742
519	792
520	609
520	628
520	668
521	591
521	634
521	716
521	758
522	694
522	779
524	525
524	694
524	782
526	534
526	612
526	643
526	669
527	766
528	643
529	545
529	557
529	633
529	689
530	562
530	705
531	620
531	706
532	601
532	706
532	787
533	755
534	556
534	571
534	600
535	557
535	730
536	561
536	630
536	646
536	666
536	757
537	764
538	679
538	680
538	775
539	606
539	627
540	586
540	596
540	762
541	581
541	626
541	681
542	566
542	599
542	693
542	756
542	762
543	588
543	687
543	795
544	676
544	684
545	624
545	664
545	765
545	793
546	564
546	570
546	672
547	673
547	679
547	697
548	571
548	714
548	752
550	595
550	641
551	554
551	628
551	688
551	745
552	662
553	580
553	587
553	605
553	692
553	733
554	577
555	569
555	642
556	612
556	702
558	656
559	699
559	731
560	600
560	640
561	617
561	646
562	644
563	708
563	797
564	570
565	702
566	594
566	603
566	649
566	686
566	715
566	782
567	612
567	613
567	634
567	771
568	668
568	725
569	630
569	666
570	775
571	743
572	632
573	596
573	624
573	683
574	608
574	642
574	768
574	769
575	590
578	583
578	610
578	697
579	647
579	679
579	758
580	615
580	719
581	723
581	788
582	725
583	755
583	770
584	587
584	615
584	627
584	677
585	638
585	704
585	736
585	757
585	760
586	638
586	754
586	776
587	606
587	615
588	747
590	788
592	664
592	750
593	784
593	791
594	750
595	600
596	740
597	791
598	628
599	776
601	701
601	731
601	747
601	800
602	638
602	726
603	624
603	722
603	732
604	681
604	690
605	606
606	687
607	719
608	799
609	611
609	688
609	777
610	673
610	724
612	734
612	793
613	631
613	664
613	734
615	695
616	643
616	664
617	668
617	759
618	634
618	657
619	714
619	730
620	648
620	665
620	706
621	658
621	662
621	797
623	770
626	670
627	687
627	703
629	678
629	720
630	646
631	734
633	729
634	665
634	772
636	742
637	647
638	668
638	680
638	762
640	771
640	793
643	763
644	655
644	718
645	734
646	659
647	652
647	758
649	680
650	679
651	702
651	713
652	705
652	711
653	728
653	737
653	749
653	783
654	745
655	766
656	710
657	796
658	748
659	800
661	718
661	759
661	782
662	764
663	798
664	793
665	667
665	697
665	713
666	723
666	747
667	724
670	725
674	678
674	714
674	746
676	686
676	787
678	719
680	704
681	693
682	713
683	774
684	727
684	791
685	709
685	741
686	704
686	711
686	715
688	777
694	737
695	716
699	700
699	701
700	717
701	731
701	754
702	743
702	744
702	763
704	777
708	743
708	772
709	779
710	721
712	754
713	799
715	722
716	740
718	782
719	738
722	732
723	742
723	751
723	752
725	736
727	759
732	790
736	756
739	783
743	757
744	763
753	770
755	790
756	762
758	772
758	798
761	790
764	800
766	774
767	774
773	786
780	783
780	792
782	797
